0
2
8
9
15
25
54
55
85
136
144
158
199
285
288
326
339
347
393
396
411
469
478
481
482
483
494
495
497
498
499
535
536
537
538
539
546
547
550
553
560
562
563
565
566
572
574
575
577
584
586
631
637
650
660
670
687
833
836
837
840
841
842
843
851
856
857
861
862
900
934
952
963
964
982
989
992
1006
1007
1030
1031
1072
1091
1101
1102
1103
1104
1105
1107
1111
1115
1126
1127
1137
1139
1140
1142
1143
1147
1151
1152
1160
1165
1168
1176
1180
1183
1184
1185
1186
1189
1190
1196
1199
1201
1207
1208
1211
1212
1213
1214
1215
1216
1222
1314
1345
1370
1392
1402
1425
1426
1432
1465
1473
1489
1492
1497
1501
1502
1503
1504
1507
1513
1516
1808
1809
1832
1833
1834
1837
1838
1840
1844
1846
1847
1855
1872
1883
1884
1892
1896
1897
1899
1901
1903
1904
1905
1906
1907
1908
1909
1911
1912
1916
1924
1925
1926
1927
1930
1936
1937
1938
1946
1950
1960
1961
1962
1966
1968
1969
1970
1971
1972
1978
1979
1980
1983
1984
1986
1987
1988
1989
1990
1992
1994
1995
1998
2000
2002
2007
2011
2012
2013
2014
2016
2017
2018
2019
2020
2025
2026
2028
2030
2031
2032
2033
2037
2039
2042
2043
2047
2048
2049
2050
2058
2059
2060
2061
2063
2064
2065
2066
2067
2068
2069
2070
2071
2072
2073
2074
2075
2082
2087
2092
2098
2099
2107
2108
2121
2127
2257
2258
2259
2279
2281
2286
2287
2288
2289
2292
2296
2297
2298
2300
2301
2312
2313
2321
2325
2326
2327
2328
2360
2361
2362
2365
2376
2388
2390
2391
2396
2397
2398
2399
2400
2406
2407
2408
2409
2410
2411
2412
2413
2414
2415
2416
2417
2418
2419
2420
2421
2422
2423
2424
2425
2426
2427
2428
2429
2430
2431
2432
2433
2434
2443
2447
2452
2468
2480
2482
2509
2539
2554
2555
2559
2564
2611
2613
2645
2690
2753
2754
2805
2808
2814
2869
2882
2886
2890
2892
2894
2895
2896
2897
2899
2905
2910
2914
2919
2920
2922
2927
2928
2933
2934
2936
2941
2942
2945
2946
2947
2950
2951
2952
2953
2954
2958
2959
2960
2961
2962
2963
2964
2966
2973
2974
2975
2977
2978
2979
2980
2981
2983
2984
2987
2988
2993
2997
2998
2999
3000
3001
3002
3003
3004
3006
3020
3026
3040
3047
3048
3059
3060
3062
3063
3064
3065
3078
3080
3081
3091
3192
3322
3366
3412
3433
3434
3438
3439
3446
3448
3449
3452
3457
3459
3462
3466
3475
3478
3542
3550
3557
3560
3565
3566
3569
3570
3572
3574
3610
3611
3612
3613
3615
3616
3617
3618
3619
3664
3665
3740
3742
3743
3745
3753
3756
3765
3766
3767
3769
3771
3772
3773
3774
3775
3776
3777
3779
3780
3781
3782
3784
3786
3788
3789
3790
3791
3800
3803
3807
3810
3811
3812
3814
3849
3850
3852
3855
3861
3862
3864
3865
3866
3867
3876
3877
3878
3879
3881
3882
3885
3888
3896
3897
3898
3917
3918
3919
3982
3994
4018
4035
4040
4044
4055
4065
4066
4069
4071
4075
4103
4108
4113
4122
4133
4134
4135
4136
4137
4138
4139
4140
4141
4143
4144
4146
4152
4172
4187
4189
4195
4208
4220
4222
4223
4224
4226
4231
4232
4233
4234
4246
4247
4260
4261
4262
4263
4264
4265
4268
4270
4271
4273
4278
4280
4284
4286
4287
4288
4289
4293
4296
4298
4302
4303
4304
4305
4306
4307
4308
4309
4312
4314
4316
4321
4322
4323
4325
4326
4327
4328
4329
4330
4331
4332
4333
4334
4336
4337
4338
4342
4344
4346
4348
4349
4351
4352
4353
4354
4356
4357
4359
4409
4411
4417
4420
4423
4433
4435
4437
4438
4443
4446
4450
4537
4538
4543
4544
4546
4550
4554
4555
4558
4559
4560
4561
4563
4569
4570
4577
4581
4584
4586
4590
4591
4592
4594
4595
4597
4600
4602
4631
4632
4647
4648
4658
4683
4684
4685
4687
4688
4734
4774
4776
4784
4786
4787
4792
4794
4799
4801
4803
4806
4810
4813
4817
4818
4820
4821
4822
4824
4882
4896
4914
4917
4918
5017
5041
5043
5044
5052
5070
5072
5073
5074
5075
5076
5077
5078
5079
5086
5118
5141
5143
5147
5166
5170
5172
5173
5175
5176
5177
5179
5181
5182
5184
5185
5186
5187
5188
5189
5191
5193
5194
5196
5198
5200
5221
5222
5232
5236
5237
5238
5239
5240
5241
5242
5258
5259
5260
5261
5262
5264
5266
5267
5270
5273
5276
5277
5279
5280
5281
5285
5286
5288
5291
5294
5295
5296
5297
5299
5301
5302
5304
5311
5322
5324
5325
5326
5327
5328
5331
5336
5338
5339
5341
5346
5350
5353
5355
5356
5359
5360
5361
5364
5366
5367
5368
5369
5370
5371
5372
5373
5380
5381
5382
5383
5384
5385
5386
5388
5389
5391
5399
5402
5411
5412
5413
5415
5417
5418
5419
5420
5421
5422
5423
5425
5426
5427
5428
5430
5432
5434
5435
5436
5437
5446
5449
5454
5456
5464
5466
5467
5472
5474
5479
5481
5483
5484
5485
5486
5490
5494
5500
5501
5503
5504
5505
5511
5513
5521
5527
5532
5536
5559
5560
5599
5600
5601
5602
5603
5610
5611
5614
5617
5624
5626
5627
5629
5630
5636
5638
5639
5641
5648
5650
5681
5683
5687
5714
