0
7
15
16
17
18
19
20
21
28
42
44
45
53
54
56
61
62
63
64
67
68
81
83
87
88
91
92
93
94
96
97
99
107
121
122
129
130
132
133
134
136
138
141
142
143
146
147
149
150
151
152
155
156
158
159
160
161
162
163
169
170
172
174
175
176
186
194
195
211
229
230
234
244
246
247
248
249
250
251
252
253
254
255
257
258
259
260
261
262
264
265
266
267
271
273
274
275
293
298
300
305
306
307
308
309
311
312
313
314
315
316
317
318
319
321
322
324
326
327
328
330
331
332
333
338
339
341
342
344
345
347
348
349
350
351
352
354
361
362
367
371
372
373
375
376
378
379
380
381
382
383
384
386
388
389
391
392
393
394
395
398
399
400
401
404
405
424
425
431
432
436
439
443
444
445
451
456
461
463
469
473
474
481
482
483
485
493
494
495
496
498
499
500
501
502
503
504
506
507
508
509
511
512
513
514
515
516
517
519
522
525
531
533
534
535
536
537
540
541
546
547
548
550
552
553
555
556
557
558
562
564
565
566
570
571
573
574
575
576
579
583
584
588
596
597
598
604
605
606
608
609
610
611
612
613
614
615
618
619
620
623
624
626
632
633
634
635
636
638
639
640
641
643
645
650
652
653
654
657
659
660
661
662
663
665
669
671
674
675
677
678
679
680
682
683
684
686
691
694
696
698
700
702
706
707
708
711
712
716
718
720
721
722
723
724
725
726
729
730
735
736
737
738
739
740
742
743
744
746
747
748
753
756
763
764
765
766
767
768
769
770
772
774
775
778
779
780
781
782
783
785
787
788
790
793
794
813
817
839
840
842
846
848
849
850
856
857
858
859
860
861
862
863
864
867
868
871
872
873
874
875
876
877
879
880
881
882
883
884
885
886
887
888
889
890
892
893
894
898
900
903
904
921
924
925
926
935
937
939
945
948
949
951
953
954
955
956
965
976
977
978
979
981
982
983
984
985
987
988
991
994
998
999
1000
1001
1004
1005
1006
1007
1008
1010
1011
1012
1013
1015
1016
1017
1018
1019
1020
1021
1022
1023
1024
1027
1028
1030
1031
1032
1034
1035
1036
1037
1038
1040
1041
1042
1043
1048
1049
1050
1051
1053
1054
1055
1060
1061
1064
1065
1066
1067
1068
1069
1070
1072
1073
1074
1075
1076
1079
1082
1085
1086
1087
1089
1090
1091
1093
1094
1095
1096
1097
1098
1101
1102
1103
1104
1106
1107
1108
1112
1114
1115
1117
1118
1119
1121
1122
1123
1124
1126
1127
1131
1132
1146
1147
1148
1156
1160
1161
1163
1164
1165
1166
1168
1169
1170
1171
1174
1176
1177
1178
1179
1180
1181
1182
1183
1185
1186
1187
1188
1189
1191
1192
1193
1195
1196
1197
1198
1199
1200
1201
1202
1221
1264
1265
1266
1267
1268
1269
1270
1271
1272
1273
1274
1277
1279
1280
1281
1282
1283
1284
1285
1286
1287
1288
1289
1290
1292
1294
1298
1299
1300
1311
1314
1315
1318
1319
1320
1322
1323
1326
1328
1329
1330
1331
1332
1334
1337
1338
1341
1342
1343
1344
1349
1351
1352
1354
1355
1356
1357
1358
1367
1368
1369
1370
1371
1372
1374
1375
1376
1378
1379
1384
1385
1387
1388
1389
1390
1391
1392
1393
1394
1395
1396
1397
1398
1399
1403
1406
1407
1411
1413
1414
1415
1416
1417
1418
1425
1431
1432
1435
1436
1437
1439
1440
1441
1442
1443
1444
1445
1446
1447
1449
1450
1451
1452
1455
1458
1460
1461
1462
1463
1466
1469
1470
1475
1477
1498
1506
1507
1508
1509
1510
1517
1518
1520
1521
1522
1523
1524
1525
1527
1528
1529
1531
1532
1533
1534
1535
1536
1537
1538
1539
1540
1541
1542
1546
1554
1565
1566
1567
1568
1569
1571
1572
1573
1574
1575
1576
1577
1578
1579
1581
1582
1584
1586
1587
1588
1590
1591
1592
1593
1594
1595
1597
1599
1600
1602
1603
1604
1605
1606
1609
1610
1611
1612
1615
1616
1635
1636
1641
1642
1646
1649
1653
1654
1655
1656
1661
1662
1665
1666
1667
1668
1669
1670
1672
1674
1675
1677
1680
1681
1699
1703
1724
1725
1727
1730
1731
1732
1733
1739
1740
1741
1742
1743
1744
1761
1762
1763
1764
1765
1775
1778
1779
1782
1783
1784
1785
1790
1792
1793
1802
1810
1811
1844
1845
1849
1860
1863
1865
1867
1868
1869
1870
1871
