6
23
36
39
41
42
44
45
46
47
48
49
50
51
52
53
57
58
64
65
66
68
69
71
72
73
74
75
76
77
78
79
81
84
88
90
91
102
104
105
106
107
110
113
114
115
116
118
120
121
122
123
124
126
130
137
138
141
143
151
153
155
156
159
160
162
164
167
170
171
174
182
183
184
185
187
191
192
193
195
196
197
200
202
206
207
208
210
211
212
213
214
216
217
218
219
220
221
222
224
225
226
227
228
230
233
236
237
238
239
240
241
242
243
244
245
246
247
248
249
250
251
253
254
255
256
257
258
259
260
261
262
263
264
265
266
268
269
270
271
272
273
274
275
276
277
278
279
280
281
282
283
284
286
291
293
296
298
299
300
304
305
306
312
313
314
315
316
319
320
321
322
323
324
325
327
328
330
331
332
333
334
335
336
337
340
341
342
343
344
350
351
352
353
356
357
361
362
363
364
365
366
367
368
369
370
371
372
373
374
375
376
377
378
379
380
381
382
385
386
387
388
389
390
391
392
394
395
397
398
401
402
403
404
405
406
407
408
409
410
413
415
417
418
419
421
423
424
426
427
428
429
430
431
433
434
435
436
437
438
439
441
442
443
446
447
451
453
454
461
466
467
468
470
471
472
473
474
475
476
477
485
487
488
489
490
491
496
500
501
507
519
525
526
529
530
531
532
544
552
568
570
580
581
587
588
599
602
604
610
611
612
614
615
616
617
618
619
620
621
622
624
625
626
627
628
629
630
632
633
634
635
636
638
639
640
651
652
653
654
656
658
659
665
667
668
669
671
676
681
682
684
691
694
702
705
706
707
710
711
715
726
733
758
761
784
792
797
799
800
812
814
815
817
821
823
825
830
850
865
866
868
869
882
883
904
928
929
930
932
935
936
941
995
999
1026
1027
1028
1041
1046
1051
1056
1059
1060
1067
1080
1097
1110
1118
1121
1122
1123
1124
1128
1129
1177
1197
1203
1204
1205
1209
1223
1224
1225
1226
1227
1228
1230
1231
1232
1233
1234
1235
1236
1237
1238
1239
1240
1241
1242
1243
1244
1245
1246
1247
1248
1249
1250
1251
1252
1253
1254
1255
1256
1257
1258
1259
1260
1261
1264
1266
1267
1268
1269
1270
1271
1272
1273
1274
1275
1276
1277
1278
1279
1280
1281
1283
1284
1285
1286
1287
1288
1289
1290
1291
1292
1293
1294
1298
1299
1300
1301
1302
1303
1304
1305
1306
1307
1308
1309
1310
1311
1312
1313
1315
1316
1317
1318
1319
1321
1322
1323
1324
1325
1326
1327
1328
1329
1330
1331
1332
1333
1334
1335
1336
1337
1338
1339
1340
1341
1381
1387
1391
1396
1434
1456
1521
1522
1523
1524
1525
1526
1533
1534
1535
1537
1542
1543
1544
1545
1547
1550
1551
1554
1564
1565
1572
1579
1584
1590
1598
1622
1625
1628
1629
1634
1639
1640
1642
1649
1660
1663
1664
1665
1670
1680
1681
1682
1683
1690
1698
1700
1701
1702
1705
1707
1709
1710
1711
1712
1713
1714
1716
1717
1718
1719
1720
1721
1722
1723
1724
1725
1726
1727
1728
1729
1730
1735
1736
1737
1738
1741
1742
1743
1744
1745
1746
1747
1748
1749
1750
1751
1752
1753
1754
1755
1756
1757
1758
1760
1761
1762
1763
1764
1766
1767
1768
1769
1770
1771
1772
1773
1774
1775
1778
1779
1780
1781
1785
1786
1788
1789
1790
1791
1792
1793
1794
1795
1797
1800
1801
1802
1803
1804
1806
1841
1870
1873
1919
2006
2056
2062
2077
2110
2112
2123
2139
2140
2156
2160
2164
2165
2179
2185
2192
2198
2216
2221
2222
2229
2240
2248
2249
2250
2252
2265
2282
2283
2284
2295
2304
2324
2336
2343
2368
2369
2370
2371
2373
2374
2375
2377
2378
2379
2382
2383
2384
2385
2386
2392
2393
2394
2395
2435
2450
2455
2481
2488
2489
2493
2501
2505
2511
2512
2516
2523
2526
2527
2528
2535
2537
2567
2568
2569
2571
2582
2622
2647
2657
2807
2820
2821
2823
2825
2826
2827
2831
2832
2833
2838
2839
2840
2841
2843
2858
2861
2862
2864
2865
2867
2868
2874
2943
2956
3021
3025
3027
3028
3030
3042
3043
3055
3066
3067
3068
3069
3070
3075
3077
3079
3085
3086
3087
3097
3098
3104
3106
3107
3108
3123
3137
3139
3157
3158
3175
3176
3178
3179
3180
3182
3183
3184
3185
3186
3188
3189
3190
3191
3193
3194
3195
3196
3197
3198
3201
3202
3205
3206
3209
3210
3211
3220
3274
3276
3277
3278
3279
3280
3281
3283
3292
3295
3298
3309
3315
3316
3352
3364
3365
3368
3369
3376
3377
3387
3392
3393
3394
3398
3399
3403
3404
3407
3408
3413
3414
3415
3450
3454
3455
3463
3474
3479
3483
3492
3493
3515
3537
3568
3600
3620
3752
3754
3764
3793
3806
3808
3813
3815
3816
3819
3828
3832
3833
3834
3835
3843
3844
3845
3846
3847
3873
3874
3883
3886
3889
3899
3900
3901
3907
3913
3915
3920
3921
3922
3923
3924
3925
3926
3927
3928
3929
3930
3931
3932
3933
3934
3935
3936
3938
3939
3940
3941
3942
3943
3944
3945
3946
3947
3948
3949
3950
3951
3952
3953
3954
3955
3956
3958
3959
3960
3961
3962
3963
3964
3965
3966
3967
3968
3969
3970
3971
3972
3973
3974
3975
3976
3977
3978
3979
3980
3981
3983
3984
3985
3986
3987
3989
3990
3992
3993
3995
3996
3997
3998
3999
4000
4001
4002
4003
4005
4006
4007
4008
4009
4012
4013
4014
4015
4023
4024
4025
4030
4031
4032
4036
4038
4041
4045
4046
4047
4051
4053
4054
4058
4059
4060
4061
4062
4063
4064
4067
4068
4080
4081
4082
4083
4084
4085
4086
4087
4093
4096
4099
4109
4110
4111
4112
4121
4123
4127
4131
4132
4155
4188
4194
4200
4225
4244
4292
4320
4366
4381
4382
4383
4384
4385
4386
4387
4391
4394
4395
4396
4398
4402
4407
4432
4442
4444
4445
4449
4451
4457
4458
4487
4495
4496
4502
4504
4508
4509
4510
4511
4512
4513
4515
4517
4539
4553
4568
4573
4574
4596
4605
4606
4607
4608
4609
4610
4611
4612
4613
4614
4615
4617
4619
4620
4621
4622
4624
4625
4626
4628
4629
4630
4633
4638
4652
4656
4673
4679
4691
4692
4693
4705
4729
4748
4762
4775
4778
4789
4790
4800
4826
4863
4865
4922
4980
5016
5158
5159
5167
5202
5205
5208
5209
5211
5212
5213
5214
5215
5216
5217
5218
5219
5220
5224
5234
5312
5337
5342
5344
5345
5347
5348
5375
5376
5378
5379
5398
5400
5410
5439
5455
5458
5469
5470
5480
5526
5553
5555
5556
5561
5564
5565
5571
5583
5589
5590
5594
5595
5596
5608
5616
5632
5634
5644
5646
5651
5652
5662
5664
5668
5670
5674
5675
5676
5677
5678
5679
5680
5690
5691
5692
5693
5694
5695
5696
5697
5698
5704
5707
5710
