6
16
18
24
35
39
40
47
55
58
59
64
66
69
72
78
81
139
150
155
156
157
158
164
165
166
172
178
180
185
186
187
188
189
227
229
249
250
261
266
279
280
309
326
343
363
369
379
381
383
400
422
429
435
439
443
448
467
468
494
563
567
570
575
579
589
592
631
635
686
719
759
823
840
846
848
853
854
868
871
876
880
889
893
894
915
925
940
967
968
988
1013
1020
1021
1022
1041
1049
1068
1086
1095
1102
1113
1116
1120
1123
1124
1125
1126
1127
1153
1218
1222
1248
1250
1253
1269
1273
1274
1284
1286
1287
1296
1297
1299
1320
1345
1441
1463
1472
1503
1544
1570
1582
1586
1588
1646
1653
1658
1660
1679
1680
1689
1695
1709
1710
1712
1714
1723
1729
1731
1732
1735
1743
1744
1751
1753
1761
1762
1764
1769
1777
1778
1793
1801
1886
1890
1891
1892
1899
1901
1907
1952
1954
1972
1983
1989
1994
2008
2027
2033
2034
2040
2045
2068
2070
2073
2087
2092
2095
2099
2101
2105
2109
2110
2129
2160
2163
2165
2172
2173
2190
2191
2200
2210
2213
2214
2234
2238
2246
2272
2288
2321
2343
2347
2348
2349
2360
2365
2375
2379
2390
2410
2424
2431
2436
2443
2445
2449
2455
2458
2475
2480
2522
2526
2534
2584
2595
2599
2620
2625
2628
2642
2709
2715
2731
2751
2759
2761
2765
2768
2777
2790
2813
2819
2820
2840
2848
2850
2877
2891
2892
2895
2902
2906
2922
2958
2963
2980
2986
3013
3057
3062
3063
3076
3147
3151
3156
3157
3168
3173
3174
3178
3182
3183
3194
3196
3197
3204
3206
3218
3221
3299
3303
3336
3370
3380
3416
3421
3481
3509
3613
3620
3678
3721
3727
3834
3839
3844
3902
3903
3986
3987
3989
3994
4000
4014
4075
4077
4078
4079
4080
4081
4109
4116
4154
4166
4167
4170
4171
4179
4180
4183
4186
4195
4196
4197
4201
4203
4206
4209
4216
4218
4222
4227
4251
4282
4364
4370
4374
4376
4378
4381
4389
4405
4437
4439
4468
4471
4508
4528
4542
4544
4560
4568
4572
4573
4574
4575
4577
4578
4579
4585
4588
4591
4602
4603
4611
4612
4613
4631
4646
4697
4698
4702
4705
4706
4708
4709
4710
4713
4718
4724
4727
4728
4744
4748
4802
4817
4834
4850
4879
4888
4889
4890
4911
4920
4940
4942
4970
4973
4974
4975
4977
4978
4995
5006
5013
5019
5030
5123
5126
5143
5149
5249
5255
5258
5266
5288
5318
5342
5344
5353
5358
5376
5402
5406
5407
5451
5534
5686
5818
5833
5842
5845
5849
5857
5864
5871
5872
5886
5888
5914
5920
5927
5945
5953
5962
5982
5983
5988
5990
5993
6018
6020
6033
6034
6035
6037
6040
6050
6081
6083
6084
6091
6107
6116
6117
6145
6150
6155
6156
6184
6188
6189
6208
6209
6221
6226
6237
6238
6269
6276
6279
6291
6297
6320
6366
6368
6373
6374
6381
6386
6387
6389
6390
6393
6396
6402
6425
6447
6449
6453
6532
6593
6645
6646
6698
6699
6715
6721
6725
6736
6759
6770
6785
6819
6820
6833
6838
6936
6939
6963
6965
6966
6969
6970
6986
6987
6993
7029
7078
7085
7086
7092
7094
7100
7145
7147
7169
7180
7187
7199
7202
7213
7233
7234
7236
7238
7240
7241
7253
7254
7258
7259
7260
7264
7270
7305
7311
7312
7317
7318
7320
7327
7329
7334
7416
7476
7528
7529
7579
7580
7597
7601
7619
7621
7631
7635
