26
37
38
42
44
45
48
51
52
54
56
57
60
61
64
65
66
67
69
70
72
73
74
76
77
80
85
103
104
105
107
108
109
110
111
112
113
114
116
118
120
121
123
124
126
127
128
129
130
131
132
133
134
135
136
137
138
139
141
142
143
145
146
147
148
149
150
151
152
153
155
156
157
160
161
162
164
165
166
167
168
169
170
172
173
174
175
176
177
179
180
182
183
184
185
187
188
189
191
192
193
195
196
197
198
199
200
203
207
208
210
216
217
218
219
220
222
223
228
229
230
231
232
233
234
235
236
237
238
239
240
245
246
247
249
250
251
252
253
254
256
259
265
266
268
270
274
278
279
280
281
282
283
284
285
286
287
288
289
290
292
294
295
296
297
298
299
303
306
307
316
317
320
324
488
495
843
884
885
886
888
895
896
910
920
990
992
996
1005
1009
1312
1313
1350
1389
1411
1467
1468
1469
1493
1559
1565
1567
1580
1581
1582
1583
1586
1588
1590
1595
1596
1652
1655
1656
1658
1664
1669
1672
1687
1691
1694
1695
1700
1708
1717
1718
1732
1751
1756
1758
1767
1768
1777
1861
1862
1865
1872
1873
1882
1883
1884
1925
1941
1966
1971
1975
1976
2026
2030
2178
2317
2346
2365
2366
2367
2369
2381
2383
2384
2385
2387
2390
2393
2394
2399
2400
2401
2408
2420
2559
2643
2652
2741
2784
2788
2789
2791
2797
2802
2808
2822
2827
2828
2829
2834
2841
2847
2850
2851
2863
2887
2888
2889
2891
2902
2904
2905
2906
2908
2911
2914
2915
2920
2921
2922
2929
2942
2962
2967
2969
2978
2979
2988
3072
3073
3076
3083
3084
3093
3094
3095
3136
3152
3177
3182
3186
3187
3196
3197
3198
3199
3200
3201
3203
3204
3207
3209
3210
3211
3212
3213
3214
3215
3217
3218
3219
3220
3222
3224
3225
3227
3228
3229
3230
3231
3232
3233
3234
3235
3237
3240
3246
3247
3251
3255
3259
3260
3261
3262
3263
3264
3265
3266
3267
3268
3269
3271
3273
3274
3276
3277
3278
3279
3281
3282
3287
3289
3290
3299
3300
3303
3307
3316
3317
3318
3320
3329
3330
3343
3352
3422
3424
3428
3437
3440
3447
3448
3449
3451
3452
3453
3454
3455
3456
3457
3458
3460
3462
3464
3465
3467
3468
3470
3471
3472
3473
3474
3475
3476
3477
3478
3479
3480
3481
3482
3484
3485
3486
3488
3489
3490
3491
3492
3493
3494
3495
3496
3498
3499
3500
3503
3504
3505
3507
3508
3509
3510
3511
3512
3513
3515
3517
3518
3519
3520
3521
3523
3524
3526
3527
3528
3530
3531
3532
3534
3535
3536
3538
3539
3540
3541
3542
3543
3546
3550
3551
3553
3558
3622
3625
3626
