3
19
20
26
29
30
32
37
40
43
56
60
61
62
154
479
484
486
533
534
540
542
549
561
569
571
606
649
666
826
827
829
838
844
845
846
847
848
849
852
863
867
872
874
875
876
878
880
881
884
886
888
889
893
894
901
908
939
949
960
966
967
979
998
1008
1009
1011
1014
1016
1020
1032
1057
1065
1070
1076
1078
1082
1083
1084
1086
1087
1092
1093
1094
1096
1098
1099
1109
1112
1130
1131
1135
1138
1148
1149
1153
1155
1156
1157
1158
1161
1166
1167
1170
1172
1174
1175
1179
1187
1194
1198
1218
1354
1355
1356
1358
1359
1360
1361
1362
1363
1371
1376
1377
1378
1386
1390
1401
1418
1419
1451
1452
1453
1459
1509
1518
1546
1548
1549
1553
1556
1616
1704
1807
1816
1827
1842
1843
1918
1922
1923
1932
1933
1934
1935
1951
1952
1953
1954
1955
1956
1957
1958
1959
1963
1964
1965
1967
1991
1996
1999
2003
2008
2023
2038
2052
2053
2057
2079
2083
2088
2089
2090
2097
2100
2104
2105
2106
2109
2111
2118
2122
2126
2166
2167
2168
2169
2176
2243
2244
2245
2254
2255
2256
2260
2262
2264
2271
2272
2293
2294
2303
2306
2308
2309
2310
2315
2317
2318
2319
2320
2329
2330
2340
2345
2401
2558
2614
2615
2621
2629
2641
2648
2649
2651
2652
2653
2659
2661
2662
2663
2664
2665
2666
2667
2668
2669
2670
2671
2672
2673
2674
2675
2676
2677
2678
2679
2680
2681
2682
2683
2684
2685
2686
2687
2688
2689
2691
2692
2693
2694
2695
2696
2697
2698
2699
2700
2701
2702
2703
2704
2705
2706
2707
2708
2709
2710
2711
2712
2713
2714
2715
2716
2717
2718
2719
2720
2721
2722
2723
2724
2725
2726
2727
2728
2729
2730
2731
2732
2733
2734
2735
2736
2737
2738
2739
2740
2741
2742
2743
2744
2745
2746
2747
2748
2749
2750
2751
2752
2755
2756
2757
2758
2759
2760
2761
2762
2763
2764
2765
2766
2767
2768
2769
2770
2771
2772
2773
2774
2775
2776
2777
2778
2779
2780
2781
2785
2786
2787
2788
2789
2790
2791
2792
2793
2794
2795
2796
2797
2798
2799
2800
2801
2802
2803
2806
2812
2853
2866
2903
2921
2923
2944
2996
3044
3045
3046
3050
3145
3181
3187
3207
3218
3233
3237
3243
3267
3268
3314
3317
3318
3319
3320
3321
3323
3348
3349
3367
3380
3383
3405
3430
3431
3432
3440
3441
3444
3445
3458
3461
3465
3467
3468
3469
3470
3477
3480
3481
3484
3485
3500
3532
3533
3534
3536
3549
3552
3554
3555
3556
3558
3559
3561
3562
3563
3564
3571
3573
3576
3578
3580
3586
3587
3588
3589
3590
3591
3592
3593
3594
3595
3597
3599
3604
3605
3608
3622
3623
3624
3625
3626
3627
3628
3629
3630
3631
3632
3633
3634
3635
3636
3637
3638
3639
3640
3641
3642
3643
3644
3645
3646
3647
3648
3649
3650
3651
3652
3653
3654
3655
3656
3657
3658
3659
3660
3661
3662
3663
3666
3667
3668
3669
3670
3671
3672
3673
3674
3675
3676
3677
3678
3679
3680
3681
3682
3683
3684
3685
3686
3687
3688
3689
3690
3691
3692
3693
3694
3695
3696
3697
3698
3699
3700
3701
3702
3703
3704
3705
3706
3707
3708
3709
3710
3711
3712
3713
3714
3715
3716
3717
3718
3719
3720
3721
3722
3723
3724
3725
3726
3727
3728
3729
3730
3731
3732
3733
3734
3735
3736
3737
3738
3739
3741
3744
3757
3758
3778
3798
3801
3805
3820
3860
3875
4026
4052
4057
4073
4077
4078
4079
4102
4104
4105
4106
4115
4117
4118
4119
4124
4126
4129
4182
4183
4202
4203
4204
4205
4209
4210
4211
4212
4213
4214
4215
4216
4217
4218
4221
4229
4230
4235
4236
4238
4239
4241
4242
4243
4245
4258
4272
4276
4294
4295
4297
4310
4313
4317
4364
4367
4368
4377
4378
4380
4401
4405
4410
4415
4416
4426
4436
4461
4462
4463
4464
4469
4475
4488
4500
4516
4518
4532
4547
4548
4576
4603
4649
4650
4651
4653
4654
4655
4660
4666
4667
4674
4675
4676
4681
4686
4689
4690
4708
4709
4710
4711
4712
4713
4722
4723
4725
4728
4733
4746
4751
4752
4755
4761
4765
4769
4770
4771
4772
4773
4779
4785
4788
4793
4798
4802
4807
4808
4814
4815
4819
4823
4835
4903
4905
4912
5059
5060
5071
5146
5148
5149
5150
5151
5152
5154
5155
5156
5160
5162
5163
5164
5168
5169
5174
5183
5192
5195
5199
5203
5206
5210
5223
5227
5228
5229
5233
5244
5245
5246
5247
5248
5249
5251
5300
5306
5308
5310
5313
5314
5316
5318
5321
5362
5363
5387
5390
5403
5404
5424
5444
5447
5451
5452
5453
5459
5465
5468
5473
5478
5482
5487
5488
5495
5502
5506
5507
5508
5512
5515
5516
5518
5519
5520
5522
5523
5524
5529
5530
5531
5535
5538
5539
5540
5544
5545
5546
5547
5548
5549
5550
5551
5597
5598
5604
5606
5613
5625
5633
5672
5685
5689
5713
5715
5716
