0
2
5
7
9
15
16
17
18
19
20
21
28
31
32
42
44
45
53
54
55
56
83
91
92
93
94
95
96
99
107
112
122
129
130
132
133
134
136
137
138
141
142
143
146
147
149
150
151
156
157
186
187
199
204
205
211
229
230
234
245
246
247
248
249
250
251
252
253
254
255
256
257
258
259
260
261
262
264
265
266
267
270
271
273
274
275
293
298
300
305
306
307
308
311
320
324
326
331
332
333
338
339
341
342
343
344
345
347
348
349
350
351
352
354
361
362
367
371
372
373
375
376
378
379
403
404
405
436
448
451
455
456
459
460
461
463
469
473
474
481
482
483
485
493
494
495
496
498
499
500
501
502
503
504
506
507
508
509
511
512
513
514
515
516
517
519
522
523
525
527
540
541
546
547
548
550
551
552
553
555
556
557
558
562
564
565
566
568
569
570
571
572
573
574
575
576
578
579
581
583
584
588
596
597
598
604
605
606
608
609
610
611
612
613
614
615
618
619
620
621
623
624
626
632
633
634
635
636
638
639
640
641
643
644
645
650
652
653
654
655
656
657
659
660
661
662
663
665
666
667
668
669
671
672
674
677
678
679
680
682
683
684
686
688
689
690
691
692
693
694
695
696
698
700
702
706
707
708
711
712
716
718
720
721
722
723
724
725
726
727
729
730
734
735
736
737
738
739
740
742
743
744
745
746
747
748
752
753
754
755
756
763
764
765
766
767
768
769
770
776
785
787
788
817
846
854
862
863
867
868
871
872
873
874
875
876
877
879
880
881
882
883
884
885
886
887
888
889
890
892
893
894
898
900
903
904
921
924
925
926
935
937
939
945
948
949
951
953
954
955
956
965
976
977
978
979
981
982
983
984
985
987
988
989
990
991
994
998
999
1000
1001
1004
1005
1006
1007
1008
1010
1011
1012
1013
1015
1016
1017
1018
1019
1020
1021
1022
1023
1024
1027
1028
1029
1030
1031
1032
1033
1034
1035
1036
1037
1038
1040
1041
1042
1043
1045
1048
1049
1050
1051
1053
1054
1055
1056
1060
1061
1064
1065
1066
1067
1068
1069
1070
1072
1073
1074
1075
1076
1079
1082
1083
1085
1086
1087
1089
1090
1091
1093
1094
1095
1096
1097
1098
1100
1101
1102
1103
1104
1106
1107
1108
1109
1110
1112
1114
1115
1117
1118
1119
1120
1121
1122
1123
1124
1126
1127
1128
1129
1131
1132
1146
1147
1148
1154
1155
1156
1157
1159
1160
1161
1162
1163
1164
1165
1166
1168
1169
1170
1171
1174
1176
1177
1178
1179
1180
1181
1182
1183
1185
1186
1187
1188
1189
1191
1192
1193
1194
1195
1196
1197
1198
1199
1200
1201
1202
1209
1221
1264
1265
1266
1267
1268
1269
1270
1271
1272
1273
1274
1276
1277
1279
1280
1281
1282
1283
1284
1285
1286
1287
1288
1289
1290
1292
1294
1298
1299
1300
1304
1309
1310
1311
1314
1315
1318
1319
1320
1322
1323
1326
1327
1332
1336
1341
1342
1343
1362
1367
1368
1369
1370
1371
1372
1374
1375
1376
1377
1378
1379
1384
1385
1387
1388
1389
1390
1391
1392
1393
1397
1399
1401
1402
1411
1413
1415
1425
1431
1434
1438
1442
1443
1444
1445
1446
1449
1450
1451
1452
1454
1455
1458
1460
1461
1462
1463
1465
1466
1469
1470
1472
1474
1475
1477
1498
1506
1507
1508
1509
1510
1517
1518
1519
1520
1521
1522
1523
1524
1525
1527
1528
1529
1531
1532
1533
1534
1535
1536
1537
1538
1539
1540
1546
1554
1559
1565
1571
1580
1584
1586
1590
1614
1615
1616
1646
1659
1663
1672
1674
1675
1703
1730
1737
1769
1777
1782
1783
1784
1802
1803
1815
1820
1821
1844
1845
1849
1861
