33
369
807
1022
1023
1024
1025
1026
1027
1028
1029
1031
1032
1033
1034
1035
1036
1037
1038
1039
1040
1041
1042
1043
1044
1045
1046
1047
1048
1049
1050
1051
1052
1053
1054
1056
1059
1060
1062
1063
1064
1065
1066
1067
1068
1069
1070
1071
1072
1074
1075
1076
1077
1078
1079
1080
1081
1082
1083
1084
1085
1086
1087
1088
1089
1090
1091
1138
1139
1140
1167
1168
1169
1170
1171
1172
1173
1174
1175
1176
1177
1178
1179
1180
1181
1183
1220
1221
1222
1224
1226
1227
1230
1238
1240
1242
1243
1249
1254
1255
1266
1277
1280
1285
1302
1311
1319
1320
1321
1329
1330
1333
1335
1339
1346
1347
1348
1349
1352
1353
1354
1358
1364
1365
1366
1367
1368
1369
1370
1371
1372
1374
1376
1378
1379
1380
1382
1385
1430
1431
1433
1435
1454
1455
1456
1457
1460
1462
1465
1506
1507
1508
1509
1510
1511
1512
1513
1514
1517
1519
1520
1521
1984
1985
1986
1987
1988
1989
1990
1991
1993
1994
1995
1997
1998
1999
2000
2001
2002
2003
2004
2005
2006
2007
2008
2009
2010
2011
2012
2013
2014
2015
2016
2017
2018
2020
2022
2024
2101
2102
2103
2104
2105
2106
2107
2108
2109
2111
2112
2113
2114
2162
2172
2440
2442
2443
2444
2445
2481
2611
2658
2660
2661
3567
3587
3588
3608
3609
3610
3611
3615
3618
