6
36
39
41
42
57
58
64
65
69
71
74
76
77
78
79
81
84
88
90
91
102
104
110
115
118
120
122
124
130
137
138
151
153
155
156
159
162
164
167
174
182
183
187
191
192
195
210
211
212
213
214
216
217
218
219
220
221
222
224
225
226
227
228
233
236
237
238
239
240
241
242
243
244
245
246
247
248
250
251
253
254
255
256
257
258
259
260
261
263
265
266
271
272
273
274
275
276
277
278
279
280
281
282
283
284
291
293
299
300
312
313
315
323
324
325
330
331
332
333
334
335
336
337
340
341
342
343
344
350
351
352
353
356
357
364
365
367
371
372
373
374
377
378
386
390
391
392
397
398
401
402
405
406
408
409
410
423
424
426
427
429
433
434
441
442
446
453
470
471
472
473
474
475
476
477
485
487
488
489
490
491
496
500
501
507
519
525
526
529
530
531
532
568
570
580
581
587
588
599
602
604
610
611
612
614
615
616
617
618
619
620
621
622
624
625
626
627
628
629
630
632
633
634
635
636
638
639
640
654
656
671
676
702
710
711
715
726
733
758
761
784
792
812
815
817
821
823
825
830
850
865
866
868
869
882
883
928
929
930
932
935
936
1026
1027
1028
1041
1046
1051
1056
1059
1060
1067
1080
1097
1110
1121
1128
1177
1203
1204
1205
1209
1237
1264
1302
1381
1396
1434
1456
1521
1523
1524
1535
1537
1542
1543
1544
1545
1547
1550
1551
1554
1584
1625
1660
1670
1700
1709
1710
1711
1723
1729
1730
1738
1751
1754
1760
1766
1767
1841
1919
2006
2056
2062
2077
2110
2123
2164
2165
2221
2222
2248
2249
2250
2252
2265
2282
2283
2284
2295
2304
2336
2343
2371
2373
2375
2379
2383
2384
2385
2392
2395
2527
2647
2657
2807
2820
2821
2823
2825
2832
2838
2861
2862
2864
2867
2874
2943
2956
3021
3025
3027
3028
3030
3055
3066
3067
3068
3069
3070
3075
3079
3085
3086
3087
3097
3098
3104
3106
3107
3108
3123
3137
3139
3157
3158
3175
3176
3178
3179
3180
3182
3183
3184
3185
3186
3188
3189
3190
3193
3197
3198
3202
3205
3206
3209
3210
3220
3274
3276
3277
3278
3279
3280
3281
3283
3292
3295
3298
3309
3315
3316
3352
3364
3365
3368
3369
3376
3377
3392
3393
3394
3398
3403
3407
3408
3413
3414
3415
3450
3454
3455
3463
3474
3479
3483
3492
3493
3515
3537
3568
3600
3620
3752
3754
3764
3793
3806
3808
3813
3815
3816
3819
3828
3833
3835
3844
3845
3846
3847
3873
3883
3886
3889
3899
3900
3901
3907
3913
3915
3920
3921
3922
3923
4008
4009
4012
4013
4014
4015
4023
4024
4025
4030
4031
4032
4036
4038
4041
4045
4046
4047
4051
4053
4054
4058
4059
4060
4061
4062
4063
4064
4067
4068
4080
4081
4082
4083
4084
4085
4086
4087
4093
4096
4099
4109
4110
4111
4112
4121
4123
4127
4131
4132
4155
4188
4194
4200
4225
4292
4320
4366
4381
4382
4383
4402
4432
4445
4457
4458
4487
4502
4504
4508
4517
4539
4553
4568
4596
4605
4607
4610
4614
4620
4621
4622
4628
4633
4652
4656
4679
4692
4693
4705
4729
4748
4762
4775
4778
4826
4922
5016
5158
5159
5167
5202
5205
5208
5209
5224
5234
5312
5337
5342
5344
5345
5348
5375
5376
5378
5379
5398
5400
5410
5439
5455
5458
5526
5553
5555
5556
5561
5564
5565
5571
5583
5589
5590
5594
5595
5596
5632
5634
5644
5646
5651
5652
5662
5664
5668
5670
5674
5675
5676
5677
5678
5679
5680
5690
5691
5692
5693
5694
5695
5696
5697
5698
5704
5707
5710
