21
150
155
182
186
227
288
296
298
325
463
479
491
495
521
538
699
723
746
748
750
908
940
941
1092
1095
1131
1180
1183
1265
1273
1274
1308
1311
1332
1375
1386
1531
1565
1580
1713
1725
1923
1940
1979
1991
2100
2101
2137
2138
2242
2273
2312
2356
2475
2663
2673
2676
2679
2687
2688
2689
2700
2721
2729
2790
2856
2876
2880
2889
2906
2910
2962
2982
3030
3054
3066
3070
3074
3075
3079
3083
3108
3124
3128
3247
3256
3257
3276
3277
3279
3295
3327
3423
3426
3435
3439
3464
3539
3543
3544
3579
3657
3818
3819
3823
3824
3827
3829
3831
3834
3836
3838
3843
3845
3847
3850
3852
3856
3858
3860
3862
3865
3867
3868
3870
3872
3873
3875
3876
3878
3879
3881
3883
3885
3887
3889
3890
3892
3893
3895
3896
3898
3899
3901
3902
3904
3905
3907
3908
3910
3911
3913
3914
3916
3917
3919
3920
3922
3923
3925
3926
3927
3929
3930
3931
3933
3934
3935
3937
3938
3939
3941
3942
3943
3945
3946
3947
3949
3950
3951
3953
3954
3957
3959
3960
3961
3963
3964
3965
3968
3969
3970
3972
3973
3976
3978
3979
3981
3983
3984
3985
3987
3988
3989
3991
3992
3993
3996
3997
3999
4001
4002
4004
4007
4008
4010
4013
4014
4015
4018
4019
4021
4024
4025
4029
4032
4033
4035
4038
4039
4042
4045
4046
4047
4050
4051
4052
4055
4056
4057
4060
4061
4063
4067
4068
4069
4073
4074
4076
4079
4080
4082
4085
4086
4088
4091
4092
4093
4096
4097
4098
4101
4102
4104
4107
4108
4110
4113
4114
4116
4119
4120
4123
4126
4127
4129
4132
4133
4135
4138
4139
4140
4143
4144
4146
4149
4150
4152
4155
4156
4157
4160
4161
4163
4166
4167
4168
4171
4172
4174
4177
4178
4180
4183
4184
4185
4188
4189
4190
4193
4194
4195
4198
4199
4201
4204
4205
4206
4209
4210
4212
4215
4216
4221
4222
4227
4228
4232
4233
4236
4237
4240
4241
4245
4246
4250
4251
4254
4255
4258
4259
4263
4264
4267
4268
4272
4273
4278
4279
4282
4283
4287
4288
4292
4293
4296
4297
4301
4302
4307
4308
4311
4312
4315
4316
4319
4320
4324
4325
4329
4330
4333
4334
4338
4339
4342
4343
4346
4347
4350
4351
4354
4355
4358
4359
4362
4363
4366
4367
4370
4371
4374
4375
4380
4381
4384
4385
4388
4389
4392
4393
4397
4398
4402
4403
4407
4408
4411
4412
4415
4416
4421
4422
4426
4427
4430
4431
4434
4435
4440
4441
4446
4447
4451
4452
4455
4456
4459
4460
4463
4464
4467
4468
4471
4472
4475
4476
4479
4480
4485
4486
4489
4490
4493
4494
4498
4499
4502
4503
4506
4507
4510
4511
4516
4517
4522
4523
4526
4527
4530
4531
4534
4535
4539
4540
4543
4544
4547
4548
4552
4553
4556
4557
4560
4561
4565
4566
4571
4572
4575
4576
4580
4581
4585
4586
4590
4591
4594
4595
4599
4600
4603
4604
4609
4610
4613
4614
4618
4619
4624
4625
4628
4629
4632
4633
4637
4638
4641
4642
4647
4648
4653
4654
4658
4659
4663
4664
4668
4669
4672
4673
4678
4679
4682
4683
4686
4687
4691
4692
4696
4697
4700
4701
4705
4706
4710
4711
4715
4716
4721
4722
4725
4726
4729
4730
4734
4735
4739
4740
4744
4745
4748
4749
4754
4755
4760
4761
4765
4766
4770
4771
4775
4776
4779
4780
4784
4785
4788
4789
4792
4793
4798
4799
4802
4803
4807
4808
4811
4812
4816
4817
4821
4822
4823
4826
4827
4830
4831
4835
4836
4840
4841
4845
4846
4850
4851
4855
4856
4860
4861
4864
4865
4870
4871
4875
4876
4880
4881
4884
4885
4889
4890
4893
4894
4897
4898
4903
4904
4909
4910
4913
4914
4918
4919
4922
4923
4926
4927
4930
4931
4935
4936
4940
4941
4944
4945
4949
4950
4954
4955
4959
4960
4964
4965
4969
4970
4973
4974
4979
4980
4984
4985
4988
4989
4993
4994
4998
4999
5003
5004
5009
5010
5013
5014
5018
5019
5023
5024
5029
5030
5034
5035
5039
5040
5044
5045
5049
5050
5055
5056
5059
5060
5064
5065
5068
5069
5073
5074
5081
5082
5083
5088
5089
5093
5094
5099
5100
5105
5106
5110
5111
5115
5116
5120
5121
5122
5126
5127
5131
5132
5137
5138
5141
5142
5146
5147
5150
5151
5152
5156
5157
5161
5162
5168
5171
5172
5176
5177
5182
5183
5186
5187
5188
5191
5192
5193
5196
5197
5198
5202
5203
5204
5208
5209
5210
5213
5214
5215
5219
5220
5221
5226
5227
5228
5233
5234
5235
5240
5241
5242
5245
5246
5247
5251
5252
5253
5257
5258
5259
5263
5264
5265
5268
5269
5270
5273
5274
5275
5279
5280
5281
5284
5285
5286
5289
5290
5291
5294
5295
5296
5300
5301
5302
5305
5306
5307
5310
5311
5312
5316
5317
5318
5320
5324
5325
5326
5329
5330
5331
5337
5338
5339
5343
5344
5345
5349
5350
5351
5354
5355
5356
5360
5361
5362
5367
5368
5369
5372
5373
5374
5378
5379
5380
5383
5384
5385
5388
5389
5390
5396
5397
5398
5401
5402
5403
5407
5408
5409
5412
5413
5414
5418
5419
5421
5425
5426
5427
5431
5432
5433
5437
5438
5439
5445
5446
5447
5450
5451
5452
5456
5457
5458
5462
5463
5464
5467
5468
5469
5472
5473
5474
5478
5479
5480
5484
5485
5486
5489
5490
5491
5494
5495
5496
5500
5501
5502
5505
5506
5507
5510
5511
5512
5516
5517
5518
5522
5523
5524
5528
5529
5530
5534
5535
5536
5540
5541
5542
5545
5546
5547
5550
5551
5552
5558
5559
5560
5563
5564
5565
5568
5569
5570
5574
5575
5576
5579
5580
5581
5585
5586
5587
5590
5591
5592
5595
5596
5597
5600
5601
5602
5605
5606
5607
5612
5613
5614
5617
5618
5619
5622
5623
5624
5629
5630
5631
5635
5636
5637
5641
5642
5643
5647
5648
5649
5655
5656
5657
5661
5662
5663
5667
5668
5669
5672
5673
5674
5677
5678
5679
5684
5685
5686
5689
5690
5691
5727
5758
5760
5767
5816
5818
5981
5988
5998
6046
6049
6054
6069
6079
6240
6255
6256
6322
6382
6484
6492
6541
6565
6569
6578
6583
6624
6694
6700
6756
6787
6788
6796
6810
6849
6936
7048
7075
7076
7077
7082
7084
7088
7103
7109
7119
7154
7157
7165
7328
7578
7669
7913
7914
7915
7916
7917
7918
7919
7933
7935
7947
7974
7975
7978
7981
7986
8024
8050
8067
8100
8126
8129
8138
8139
8163
8175
8179
8189
8215
8344
8358
8371
8432
8437
8453
8461
8465
8665
8668
8681
8692
8706
8710
8711
8758
8810
9025
9092
9130
9203
9308
9314
9318
9326
9339
9340
9361
9391
9392
9394
9395
9400
9401
9411
9412
9450
9453
9454
9480
9484
9490
9492
9494
9521
9544
9545
9558
9567
9578
9602
9605
9607
9642
9664
9675
9694
9701
9727
9731
9760
9822
9824
9861
9894
9944
9956
9960
9966
9967
9972
9976
9994
9999
10016
10020
10167
10170
10206
10256
10259
10351
10352
10354
10360
10363
10381
10402
10404
10406
10592
10600
10601
10618
10619
10621
10637
10670
10765
10768
10778
10780
10805
10900
10903
10904
10929
10933
10938
10940
10942
10970
10993
10994
11007
11016
11027
11051
11054
11057
11060
11113
11133
11134
11161
11177
11183
11186
11323
11363
11472
11473
11509
11510
11611
