1
5
38
59
63
86
92
98
99
145
146
148
149
203
355
492
493
504
505
506
508
509
510
511
512
513
514
515
517
520
522
524
527
528
541
548
551
555
564
591
641
643
644
645
646
647
648
657
661
662
663
674
675
677
678
679
680
685
686
688
689
690
692
693
696
697
698
699
700
701
703
704
708
712
713
714
716
717
718
719
720
721
722
723
724
725
727
728
729
730
731
732
734
735
736
737
738
739
740
741
742
743
744
745
746
747
748
749
750
751
752
753
754
755
756
757
759
760
762
763
764
765
766
767
768
769
770
771
774
775
776
777
778
779
780
782
783
785
786
788
789
790
791
794
795
796
798
801
803
804
805
806
807
808
809
810
811
813
818
820
822
828
831
832
834
835
853
854
855
870
871
885
887
892
1017
1049
1055
1066
1068
1085
1088
1106
1188
1217
1265
1380
1383
1385
1393
1423
1699
1703
1708
1715
1731
1732
1733
1734
1739
1740
1759
1776
1777
1782
1783
1784
1787
1796
1798
1799
1812
1839
1981
1982
1985
1993
2001
2004
2015
2029
2085
2086
2093
2094
2128
2131
2133
2135
2136
2137
2138
2141
2142
2143
2144
2145
2146
2147
2148
2150
2151
2152
2153
2154
2155
2157
2158
2159
2162
2163
2170
2171
2172
2173
2174
2175
2177
2178
2180
2181
2182
2183
2184
2186
2187
2188
2189
2190
2193
2194
2195
2196
2197
2199
2200
2201
2202
2203
2204
2205
2206
2207
2208
2209
2210
2211
2212
2213
2214
2215
2219
2220
2223
2224
2225
2227
2228
2230
2231
2232
2233
2234
2235
2236
2237
2238
2239
2241
2242
2246
2247
2251
2253
2266
2267
2268
2269
2270
2273
2274
2275
2276
2277
2278
2280
2285
2305
2307
2316
2334
2337
2338
2342
2344
2355
2356
2357
2358
2804
2811
2822
2824
2829
2830
2834
2835
2836
2837
2842
2844
2845
2846
2847
2848
2849
2850
2851
2852
2854
2855
2856
2857
2859
2863
2870
2871
2872
2873
2875
2876
2877
2878
2879
2880
2881
2883
2884
2885
2887
2888
2889
2893
2898
2900
2901
2902
2904
2908
2909
2913
2915
2916
2917
2918
2924
2925
2929
2930
2931
2932
2935
2939
2948
2972
2990
2991
2992
3005
3007
3008
3009
3013
3015
3017
3018
3022
3032
3033
3034
3035
3036
3037
3038
3039
3071
3072
3073
3076
3082
3084
3088
3089
3090
3092
3093
3094
3095
3096
3101
3102
3103
3105
3109
3110
3111
3112
3113
3114
3115
3116
3117
3118
3119
3120
3121
3122
3124
3125
3126
3127
3128
3129
3130
3131
3132
3133
3134
3135
3136
3138
3141
3142
3143
3144
3146
3147
3148
3149
3150
3151
3152
3153
3154
3155
3156
3159
3160
3162
3163
3164
3165
3167
3168
3169
3171
3174
3177
3199
3200
3204
3208
3212
3213
3214
3215
3216
3217
3219
3221
3222
3223
3224
3225
3226
3227
3228
3229
3230
3231
3232
3234
3235
3236
3238
3239
3241
3242
3244
3245
3246
3247
3248
3249
3250
3251
3252
3253
3254
3255
3256
3257
3258
3259
3260
3261
3262
3263
3264
3265
3266
3269
3270
3272
3273
3275
3282
3284
3285
3286
3287
3288
3289
3290
3291
3293
3294
3296
3297
3299
3300
3301
3302
3303
3304
3305
3306
3307
3308
3310
3311
3312
3313
3324
3325
3326
3327
3328
3329
3330
3331
3332
3333
3334
3335
3336
3337
3338
3339
3340
3341
3343
3344
3345
3346
3347
3350
3351
3353
3354
3355
3356
3357
3358
3359
3360
3361
3362
3363
3370
3371
3373
3374
3375
3378
3379
3381
3382
3384
3385
3386
3388
3389
3390
3391
3395
3396
3397
3401
3402
3406
3409
3410
3429
3435
3437
3453
3464
3471
3476
3482
3494
3495
3496
3497
3498
3499
3501
3502
3503
3504
3505
3506
3507
3508
3509
3510
3511
3512
3513
3514
3516
3517
3518
3519
3522
3523
3524
3525
3526
3527
3528
3529
3530
3531
3535
3538
3541
3545
3546
3548
3579
3583
3596
3607
3763
3768
3794
3795
3799
3817
3818
3821
3822
3823
3824
3825
3826
3827
3829
3830
3831
3836
3837
3838
3839
3840
3841
3851
3853
3854
3856
3858
3863
4097
4098
4128
4161
4219
4266
4267
4269
4274
4279
4315
4318
4324
4335
4347
4350
4360
4369
4370
4373
4392
4393
4404
4414
4422
4439
4440
4441
4490
4492
4503
4506
4604
4616
4618
4634
4635
4637
4642
4645
4646
4657
4665
4680
4697
4701
4702
4707
4726
4735
4737
4753
4756
4758
4759
4767
4768
4780
4781
4782
4783
4811
4825
4836
4837
4838
4839
4840
4841
4842
4843
4844
4846
4847
4848
4849
4850
4851
4852
4853
4854
4855
4856
4857
4858
4862
4864
4866
4867
4868
4869
4870
4871
4872
4873
4874
4875
4876
4877
4878
4879
4880
4881
4883
4884
4885
4888
4890
4892
4893
4894
4895
4897
4898
4899
4900
4901
4902
4906
4907
4908
4910
4911
4913
4915
4916
4919
4920
4921
4923
4924
4925
4926
4927
4928
4929
4930
4931
4932
4933
4934
4936
4937
4938
4942
4943
4944
4945
4946
4947
4948
4949
4950
4952
4953
4954
4955
4957
4959
4962
4963
4964
4965
4966
4967
4968
4970
4971
4972
4973
4974
4975
4976
4981
4984
4985
4986
4987
4988
4989
4990
4993
4994
4995
4996
4997
4998
4999
5000
5001
5002
5014
5015
5026
5027
5029
5030
5032
5034
5035
5036
5049
5054
5056
5057
5058
5063
5064
5068
5102
5123
5124
5130
5131
5132
5137
5139
5144
5157
5165
5204
5207
5225
5226
5230
5253
5254
5255
5317
5333
5409
5414
5440
5441
5445
5460
5461
5462
5463
5491
5492
5514
5552
5557
5558
5568
5569
5570
5572
5573
5574
5575
5576
5577
5579
5581
5584
5586
5591
5592
5593
5605
5612
5615
5619
5628
5655
5708
5709
