1
3
4
10
11
12
13
23
24
26
27
29
30
33
35
36
37
38
39
40
41
43
46
47
48
49
50
51
52
57
58
59
60
65
66
71
77
78
79
80
82
85
86
98
100
101
102
103
104
105
106
108
109
111
123
124
125
126
131
135
139
153
166
171
173
178
183
192
196
210
222
224
225
227
232
233
235
236
263
269
272
276
278
279
280
281
283
285
286
288
289
290
291
292
294
295
296
297
299
302
329
355
356
357
358
360
368
369
370
374
390
396
397
407
408
410
413
415
435
441
442
446
447
462
467
468
477
478
479
480
484
486
487
489
490
492
505
510
520
542
543
544
549
554
560
561
577
580
587
589
590
591
592
593
594
595
600
601
602
603
607
616
617
622
625
627
628
629
630
631
646
651
664
681
697
699
703
704
705
709
710
713
714
715
719
728
731
732
733
741
749
750
751
757
773
784
791
816
844
845
855
865
869
878
891
895
896
902
919
922
923
927
928
929
930
931
932
933
934
936
938
940
941
942
944
946
947
952
957
958
959
962
963
964
966
967
968
969
970
971
972
973
974
975
980
992
993
995
996
997
1002
1003
1014
1025
1039
1044
1046
1047
1057
1058
1059
1078
1092
1099
1130
1141
1149
1152
1167
1172
1173
1175
1190
1219
1228
1229
1230
1231
1241
1242
1243
1249
1250
1251
1252
1253
1257
1259
1261
1263
1275
1291
1295
1296
1297
1301
1302
1305
1306
1307
1308
1333
1339
1348
1350
1359
1360
1361
1364
1365
1373
1380
1381
1382
1383
1386
1404
1405
1408
1420
1464
1476
1479
1480
1481
1482
1483
1484
1485
1487
1488
1489
1490
1491
1492
1493
1494
1496
1497
1499
1500
1501
1503
1504
1505
1511
1512
1513
1514
1515
1516
1526
1530
1550
1557
1558
1560
1561
1562
1589
1601
1607
1608
1618
1619
1621
1624
1626
1645
1651
1652
1657
1658
1671
1678
1702
1729
1738
1745
1747
1748
1749
1750
1752
1754
1755
1757
1758
1759
1766
1767
1768
1771
1772
1774
1780
1789
1791
1794
1799
1808
1812
1826
1837
1839
1840
1842
1847
1848
1850
1851
1852
1864
