1
5
38
63
86
203
524
591
641
643
644
645
646
647
648
657
661
662
663
696
701
703
735
736
737
738
753
757
779
791
795
798
818
834
853
854
855
870
871
885
887
892
1017
1049
1055
1066
1068
1085
1088
1106
1217
1265
1380
1423
1699
1708
1759
1812
1839
1981
1982
1985
1993
2001
2004
2015
2029
2085
2086
2128
2131
2133
2135
2136
2137
2138
2141
2142
2143
2144
2145
2146
2147
2148
2150
2151
2152
2153
2154
2155
2157
2158
2159
2162
2163
2170
2171
2172
2173
2174
2175
2177
2178
2180
2181
2182
2183
2184
2186
2187
2188
2189
2190
2193
2194
2195
2196
2197
2199
2200
2201
2202
2203
2204
2205
2206
2207
2208
2209
2210
2211
2212
2213
2214
2215
2219
2220
2223
2224
2225
2227
2228
2230
2231
2232
2233
2234
2235
2236
2237
2238
2239
2241
2242
2247
2251
2253
2276
2307
2338
2344
2804
2824
2829
2830
2844
2848
2849
2851
2875
2901
2948
2972
2990
2991
2992
3005
3007
3008
3009
3015
3022
3032
3033
3034
3035
3036
3037
3038
3039
3090
3105
3125
3126
3141
3168
3174
3177
3204
3208
3212
3213
3214
3215
3216
3219
3221
3222
3223
3224
3225
3226
3227
3228
3229
3230
3231
3232
3234
3235
3236
3238
3239
3241
3244
3245
3246
3247
3248
3249
3250
3251
3252
3253
3254
3255
3256
3257
3258
3259
3260
3261
3262
3263
3264
3265
3266
3272
3273
3275
3284
3285
3286
3287
3288
3289
3290
3291
3294
3296
3297
3299
3300
3301
3302
3304
3305
3306
3308
3310
3311
3312
3313
3324
3325
3326
3327
3328
3329
3330
3331
3332
3333
3334
3335
3336
3337
3338
3339
3340
3341
3343
3344
3345
3346
3347
3350
3351
3353
3354
3355
3356
3357
3358
3359
3360
3361
3362
3363
3370
3371
3373
3374
3375
3378
3379
3381
3385
3395
3396
3397
3401
3402
3406
3409
3410
3429
3435
3437
3464
3471
3476
3494
3495
3496
3498
3502
3503
3504
3505
3506
3507
3508
3509
3510
3511
3512
3514
3516
3517
3607
3763
3768
3794
3823
3825
3826
3836
3837
3839
3851
3856
3863
4097
4098
4128
4161
4266
4267
4269
4274
4279
4315
4318
4324
4335
4347
4350
4360
4369
4370
4392
4393
4404
4422
4439
4440
4441
4490
4492
4503
4506
4604
4616
4618
4634
4635
4637
4665
4680
4697
4701
4702
4707
4735
4737
4753
4756
4758
4759
4767
4768
4838
4839
4840
4841
4842
4843
4848
4849
4850
4852
4853
4902
4919
4981
5124
5139
5144
5157
5165
5204
5225
5230
5317
5409
5414
5440
5552
5593
5655
5708
5709
