20
28
30
42
45
46
48
50
61
75
88
123
127
152
154
167
192
194
195
196
201
202
265
282
293
303
331
351
369
377
379
381
382
384
386
387
388
389
390
391
392
393
394
395
396
398
399
400
401
402
403
404
405
406
407
408
409
410
411
412
413
414
461
480
523
524
536
546
548
556
560
561
562
563
564
566
568
569
577
579
601
603
607
609
610
612
613
616
617
618
621
624
627
628
629
630
631
632
636
639
646
649
651
654
655
656
657
658
660
662
665
668
669
671
678
684
685
695
706
709
711
713
721
722
726
727
758
769
772
774
785
789
820
826
834
850
855
882
883
884
901
931
947
949
950
951
952
954
956
958
964
966
970
982
984
985
986
987
999
1000
1006
1010
1023
1027
1035
1041
1042
1043
1052
1058
1059
1060
1061
1062
1065
1069
1071
1088
1097
1099
1111
1116
1121
1122
1123
1124
1134
1142
1146
1153
1161
1166
1171
1177
1186
1187
1188
1191
1193
1197
1198
1205
1206
1213
1214
1225
1228
1232
1233
1235
1236
1237
1238
1239
1240
1256
1257
1258
1268
1272
1278
1282
1320
1322
1337
1338
1340
1341
1342
1371
1403
1421
1444
1460
1464
1478
1479
1486
1488
1493
1500
1501
1502
1505
1516
1521
1525
1527
1528
1532
1533
1536
1543
1544
1545
1549
1555
1560
1563
1578
1595
1599
1602
1604
1614
1615
1616
1625
1626
1627
1628
1629
1630
1636
1637
1638
1646
1647
1648
1649
1654
1655
1656
1657
1658
1659
1661
1667
1672
1674
1677
1678
1679
1681
1684
1685
1691
1692
1695
1707
1708
1715
1723
1726
1729
1734
1737
1743
1745
1748
1752
1754
1760
1763
1768
1769
1772
1774
1782
1784
1785
1786
1789
1790
1792
1793
1797
1798
1800
1801
1802
1803
1804
1805
1806
1874
1877
1881
1884
1886
1888
1891
1894
1896
1897
1900
1903
1906
1910
1922
1953
1981
1982
2002
2011
2013
2014
2015
2016
2021
2022
2033
2034
2036
2048
2059
2065
2070
2080
2102
2111
2114
2126
2128
2139
2143
2153
2161
2162
2163
2164
2167
2168
2169
2170
2171
2173
2179
2189
2190
2208
2228
2230
2262
2270
2274
2275
2276
2284
2287
2289
2340
2374
2392
2409
2417
2474
2489
2497
2498
2499
2501
2507
2513
2519
2523
2524
2525
2527
2528
2529
2530
2531
2533
2534
2565
2570
2571
2583
2585
2586
2603
2607
2608
2609
2611
2618
2624
2635
2637
2643
2654
2667
2817
2819
2820
2891
2895
2896
2904
2909
2915
2927
3011
3014
3021
3031
3032
3034
3035
3039
3044
3045
3089
3121
3129
3132
3138
3139
3140
3143
3158
3159
3161
3175
3183
3190
3195
3209
3212
3215
3218
3219
3220
3225
3226
3227
3228
3232
3251
3253
3260
3297
3301
3309
3313
3324
3325
3369
3378
3379
3384
3385
3386
3387
3392
3405
3411
3448
3452
3461
3474
3480
3481
3482
3484
3488
3489
3494
3504
3507
3512
3518
3522
3523
3524
3525
3533
3541
3542
3577
3578
3580
3581
3585
3588
3591
3601
3604
3611
3623
3629
3631
3655
3656
3664
3670
3671
3672
3673
3688
3702
3720
3723
3730
3752
3757
3759
3765
3780
3803
3849
3955
4040
4223
4260
4418
4481
4495
4649
4866
4981
5087
5415
5420
5428
5698
5703
5704
5705
5707
5714
5757
5762
5770
5775
5829
5830
5831
5842
5843
5847
5850
5854
5930
5938
5990
6006
6007
6011
6012
6021
6022
6026
6029
6031
6033
6035
6037
6039
6051
6113
6126
6127
6132
6154
6155
6156
6158
6159
6160
6166
6167
6171
6172
6173
6177
6178
6180
6186
6187
6193
6201
6208
6211
6216
6217
6219
6221
6225
6230
6233
6238
6239
6273
6276
6278
6281
6282
6295
6313
6317
6318
6390
6409
6431
6461
6462
6464
6471
6477
6479
6556
6563
6580
6646
6651
6725
6728
6729
6735
6738
6741
6742
6743
6749
6752
6762
6772
6773
6774
6817
6820
6837
6842
6845
6853
6868
6869
6870
6871
6932
6980
6982
6987
7002
7004
7007
7013
7020
7031
7078
7102
7198
7200
7201
7202
7203
7204
7206
7207
7208
7211
7213
7214
7216
7217
7218
7219
7220
7228
7229
7230
7231
7232
7237
7242
7243
7244
7245
7246
7248
7251
7253
7254
7255
7257
7258
7259
7261
7262
7263
7264
7265
7266
7270
7272
7274
7277
7278
7279
7281
7287
7291
7292
7293
7294
7295
7301
7302
7303
7304
7305
7312
7313
7316
7317
7318
7321
7331
7338
7341
7343
7344
7349
7350
7352
7354
7358
7360
7362
7363
7381
7385
7388
7390
7442
7443
7444
7445
7446
7453
7454
7455
7456
7460
7461
7462
7463
7464
7466
7467
7470
7471
7472
7473
7474
7475
7476
7477
7478
7479
7482
7484
7485
7487
7489
7492
7495
7508
7510
7511
7512
7521
7528
7542
7543
7545
7553
7560
7562
7567
7572
7573
7586
7587
7589
7590
7591
7594
7595
7596
7601
7602
7603
7620
7621
7647
7652
7653
7654
7657
7658
7662
7666
7668
7689
7694
7709
7715
7764
7771
7786
7787
7801
7807
7814
7825
7834
7839
7841
7848
7853
7867
7868
7873
7880
7887
7894
7904
7909
7920
7922
7923
7924
7925
7926
7927
7928
7929
7930
7931
7932
7936
7937
7938
7939
7940
7941
7942
7943
7944
7945
7946
7948
7949
7950
7951
7952
7953
7954
7955
7956
7957
7958
7959
7960
7961
7962
7963
7964
7965
7977
7982
7989
7991
7994
8012
8016
8033
8048
8063
8064
8068
8069
8077
8079
8085
8086
8102
8118
8119
8122
8143
8144
8168
8171
8188
8246
8260
8261
8262
8263
8264
8265
8266
8272
8278
8283
8291
8296
8297
8302
8303
8305
8306
8318
8319
8322
8323
8326
8345
8350
8351
8353
8354
8357
8361
8365
8407
8408
8414
8441
8447
8487
8526
8528
8529
8530
8540
8545
8552
8579
8580
8581
8582
8609
8610
8631
8649
8727
8743
8744
8747
8750
8779
8780
8781
8790
8796
8818
8844
8846
8848
8868
8869
8874
8876
8877
8879
8885
8886
8888
8892
8894
8895
8896
8897
8902
8904
8905
8910
8911
8913
8915
8917
8919
8932
8933
8934
8939
8944
8955
8964
8981
9032
9041
9042
9043
9048
9049
9050
9057
9059
9062
9066
9073
9090
9091
9095
9096
9101
9102
9103
9126
9129
9143
9151
9154
9155
9158
9168
9169
9176
9179
9198
9218
9223
9228
9230
9231
9232
9235
9239
9243
9246
9258
9261
9270
9271
9278
9283
9368
9381
9382
9430
9431
9433
9435
9438
9443
9447
9510
9535
9551
9560
9564
9609
9612
9614
9615
9616
9617
9618
9627
9629
9630
9641
9672
9718
9720
9733
9738
9741
9746
9753
9798
9833
9836
9867
9923
9924
9925
9929
9934
9935
9982
10013
10021
10022
10023
10024
10026
10028
10030
10036
10038
10042
10047
10055
10057
10058
10059
10060
10072
10073
10079
10083
10096
10100
10108
10114
10115
10116
10125
10131
10132
10133
10134
10135
10136
10139
10143
10145
10163
10172
10174
10186
10191
10196
10197
10198
10199
10209
10213
10217
10227
10236
10242
10247
10253
10262
10263
10264
10266
10267
10269
10273
10274
10275
10276
10281
10282
10289
10290
10301
10304
10308
10309
10323
10325
10365
10380
10396
10397
10398
10401
10425
10426
10428
10440
10441
10450
10455
10463
10465
10469
10476
10479
10483
10484
10485
10488
10502
10503
10505
10519
10527
10534
10539
10553
10556
10559
10562
10563
10564
10570
10571
10572
10573
10578
10595
10597
10604
10639
10644
10653
10657
10667
10668
10713
10722
10723
10731
10732
10738
10748
10754
10788
10792
10801
10816
10823
10827
10831
10832
10837
10847
10851
10857
10863
10867
10868
10869
10879
10880
10882
10884
10887
10892
10896
10899
10958
10984
11000
11009
11013
11058
11063
11066
11078
11086
11101
11135
11146
11160
11163
11178
11185
11194
11195
11233
11301
11302
11303
11308
11309
11310
11311
11313
11322
11330
11338
11352
11374
11383
11385
11386
11387
11388
11393
11394
11406
11407
11409
11421
11432
11438
11443
11453
11474
11484
11487
11498
11500
11511
11515
11525
11535
11536
11537
11540
11541
11542
11543
11544
11546
11552
11561
11562
11580
11620
