4
5
8
9
11
14
16
46
49
171
190
209
227
241
302
462
744
770
849
853
879
926
1210
1228
1233
1244
1246
1276
1287
1288
1289
1291
1295
1299
1322
1332
1393
1397
1425
1444
1447
1475
1479
1566
1599
1600
1620
1654
1673
1674
1722
1730
1731
1808
1930
2058
2059
2120
2128
2129
2130
2131
2132
2159
2174
2179
2180
2181
2183
2184
2185
2186
2187
2188
2189
2190
2191
2192
2193
2194
2196
2197
2199
2202
2209
2214
2215
2216
2217
2218
2219
2220
2223
2224
2228
2230
2234
2237
2239
2240
2241
2242
2243
2244
2245
2246
2247
2248
2254
2255
2330
2332
2356
2396
2397
2398
2428
2429
2462
2502
2511
2513
2515
2523
2592
2597
2619
2629
2630
2631
2632
2633
2634
2635
2663
2664
2684
2687
2749
2786
2809
2810
2855
2867
2868
2878
2917
2918
2919
2949
2950
3019
3141
3208
3221
3249
3275
3283
3360
3514
3516
3533
3548
3552
3568
3582
3600
3603
