8
14
22
25
34
69
75
76
89
90
140
144
145
148
177
179
218
231
243
268
301
303
304
334
335
336
337
340
346
353
359
363
364
366
377
421
423
470
497
518
521
526
528
529
530
545
559
563
567
582
585
586
599
637
649
658
670
673
676
687
701
717
758
759
760
761
762
786
792
804
847
866
870
897
899
901
911
943
950
960
961
986
1009
1026
1052
1062
1071
1080
1081
1084
1088
1105
1111
1113
1125
1153
1158
1184
1210
1236
1278
1293
1303
1312
1313
1316
1317
1321
1324
1325
1335
1345
1346
1353
1366
1400
1410
1448
1453
1456
1457
1459
1486
1495
1502
1551
1552
1632
1634
1673
1679
1691
1760
1773
1776
1786
1787
1795
1833
1846
1859
