8
14
22
25
34
61
62
63
64
67
68
69
75
76
81
87
88
89
90
97
121
140
144
145
148
152
155
158
159
160
161
162
163
169
170
172
174
175
176
177
179
194
195
218
231
243
244
268
301
303
304
309
312
313
314
315
316
317
318
319
321
322
327
328
330
334
335
336
337
340
346
353
359
363
364
366
377
380
381
382
383
384
386
388
389
391
392
393
394
395
398
399
400
401
421
423
424
425
431
432
439
443
444
445
470
497
518
521
526
528
529
530
531
533
534
535
536
537
545
559
563
567
582
585
586
599
637
649
658
670
673
675
676
687
701
717
758
759
760
761
762
772
774
775
778
779
780
781
782
783
786
790
792
793
794
804
813
839
840
842
847
848
849
850
856
857
858
859
860
861
864
866
870
897
899
901
911
943
950
960
961
986
1009
1026
1052
1062
1071
1080
1081
1084
1088
1105
1111
1113
1125
1153
1158
1184
1210
1236
1278
1293
1303
1312
1313
1316
1317
1321
1324
1325
1328
1329
1330
1331
1334
1335
1337
1338
1344
1345
1346
1349
1351
1352
1353
1354
1355
1356
1357
1358
1366
1394
1395
1396
1398
1400
1403
1406
1407
1410
1414
1416
1417
1418
1432
1435
1436
1437
1439
1440
1441
1447
1448
1453
1456
1457
1459
1486
1495
1502
1541
1542
1551
1552
1566
1567
1568
1569
1572
1573
1574
1575
1576
1577
1578
1579
1581
1582
1587
1588
1591
1592
1593
1594
1595
1597
1599
1600
1602
1603
1604
1605
1606
1609
1610
1611
1612
1632
1634
1635
1636
1641
1642
1649
1653
1654
1655
1656
1661
1662
1665
1666
1667
1668
1669
1670
1673
1677
1679
1680
1681
1691
1699
1724
1725
1727
1731
1732
1733
1739
1740
1741
1742
1743
1744
1760
1761
1762
1763
1764
1765
1773
1775
1776
1778
1779
1785
1786
1787
1790
1792
1793
1795
1810
1811
1833
1846
1859
1860
1863
1865
1867
1868
1869
1870
1871
