2
5
9
28
31
32
44
45
53
54
55
95
112
137
157
187
199
204
205
245
246
248
250
251
253
255
256
257
258
259
260
261
267
270
274
275
320
343
345
371
375
376
403
448
455
459
460
504
523
527
546
547
551
566
568
569
571
572
573
576
578
581
584
588
598
604
613
618
621
623
633
638
639
640
644
655
656
659
660
661
666
667
668
672
674
678
683
684
686
688
689
690
691
692
693
695
696
698
702
707
711
727
734
744
745
752
753
754
755
776
854
868
882
885
892
921
924
935
953
954
955
956
965
977
983
984
985
989
990
991
994
998
1016
1017
1028
1029
1033
1037
1045
1050
1051
1053
1056
1060
1064
1065
1074
1076
1079
1082
1083
1089
1091
1093
1096
1097
1098
1100
1101
1108
1109
1110
1120
1122
1123
1127
1128
1129
1131
1146
1147
1154
1155
1156
1157
1159
1161
1162
1168
1181
1182
1183
1187
1191
1194
1209
1276
1283
1284
1285
1286
1287
1288
1290
1292
1294
1298
1299
1300
1304
1309
1310
1311
1315
1319
1320
1323
1326
1327
1336
1362
1377
1387
1389
1401
1402
1425
1431
1434
1438
1449
1450
1454
1455
1458
1462
1465
1472
1474
1519
1522
1523
1559
1580
1614
1659
1663
1737
1769
1777
1803
1815
1820
1821
1861
