0	1
1	0
2	0
3	0
4	1
5	1
6	0
7	0
8	1
9	1
10	1
11	0
12	1
13	1
14	1
15	0
16	0
17	0
18	0
19	0
20	1
21	0
22	1
23	0
24	0
25	0
26	0
27	1
28	0
29	0
30	1
31	0
32	1
33	0
34	0
35	0
36	0
37	0
38	0
39	0
40	0
41	0
42	0
43	0
44	1
45	0
46	1
47	0
48	0
49	0
50	0
51	0
52	0
53	0
54	0
55	0
56	0
57	1
58	0
59	0
60	1
61	0
62	0
63	1
64	0
65	0
66	0
67	0
68	1
69	0
70	1
71	1
72	0
73	1
74	1
75	1
76	0
77	0
78	0
79	0
80	0
81	0
82	0
83	0
84	0
85	0
86	0
87	0
88	0
89	0
90	0
91	0
92	0
94	0
95	0
96	0
97	0
98	0
99	0
100	0
101	0
102	0
103	1
104	0
105	0
106	0
107	0
108	0
109	1
110	1
111	1
112	1
113	1
114	1
115	1
116	1
117	1
118	0
119	1
120	0
121	0
122	0
123	1
124	1
125	1
126	0
127	1
128	1
129	1
130	1
131	1
132	1
133	1
134	1
137	1
138	1
139	0
140	1
141	1
142	1
143	1
144	1
145	1
146	1
147	1
148	1
149	1
150	0
151	1
152	1
153	1
154	1
155	0
156	0
157	0
158	0
159	1
160	1
161	1
162	1
163	1
164	0
165	0
166	0
167	1
168	1
169	1
170	1
171	1
172	0
173	1
174	1
175	1
176	1
177	1
178	0
179	1
180	0
181	1
182	1
183	1
184	1
185	0
186	0
187	0
188	0
189	0
190	1
191	1
192	1
193	1
194	1
195	1
196	1
197	1
198	1
200	1
201	1
202	1
203	1
204	1
205	1
206	1
207	1
208	1
209	1
210	1
211	1
212	1
213	1
214	1
215	1
216	1
217	1
218	1
219	1
220	1
221	1
222	1
223	1
224	1
225	1
226	1
227	0
228	1
229	0
230	0
231	0
232	0
233	0
234	0
235	0
236	0
237	0
238	0
239	0
240	0
241	0
242	0
243	0
244	0
245	0
246	0
247	0
248	0
249	0
250	0
251	0
252	0
253	0
254	0
255	0
256	0
257	0
258	0
259	0
260	0
261	0
262	0
263	0
264	0
265	0
266	0
267	0
268	0
269	0
270	0
271	0
272	0
273	0
274	0
275	0
276	0
277	0
278	0
279	0
280	0
281	0
282	0
283	0
284	0
285	0
286	0
287	0
288	0
289	0
290	0
291	0
292	0
293	0
294	0
295	0
296	0
297	0
298	0
299	0
300	0
301	0
302	0
303	0
304	0
305	0
306	0
307	0
308	1
309	0
310	0
311	0
312	0
313	0
314	0
315	0
316	0
317	0
318	0
319	0
320	0
321	0
322	0
323	0
324	0
325	0
326	0
327	0
328	0
329	0
330	1
331	1
332	0
333	0
334	0
335	0
336	0
337	0
338	0
339	0
340	0
341	0
342	0
343	0
344	0
345	1
346	0
347	0
348	0
349	0
350	0
351	0
352	0
353	0
354	1
355	0
356	1
357	0
358	0
359	0
360	1
361	1
362	0
363	0
364	0
365	0
366	0
367	0
368	0
369	0
370	0
371	0
372	0
373	0
374	0
375	0
376	0
377	0
378	1
379	0
380	1
381	0
382	1
383	0
384	1
385	1
386	1
387	1
388	1
389	1
390	1
391	1
392	0
393	0
394	0
395	0
396	0
397	0
398	0
399	0
400	0
401	0
402	0
403	1
404	1
405	1
406	1
407	1
408	1
409	1
410	1
411	1
412	1
413	1
414	1
415	1
416	1
417	1
418	1
419	1
420	0
421	1
422	0
423	1
424	0
425	1
426	0
427	0
428	1
429	0
430	1
431	1
432	1
433	1
434	0
435	0
436	1
437	0
438	0
439	0
440	0
441	0
442	0
443	0
444	0
445	0
446	0
447	1
448	0
449	1
450	0
451	0
452	0
453	1
454	0
455	0
456	0
457	0
458	0
459	0
460	0
461	0
462	0
463	0
464	0
465	0
466	0
467	0
468	0
469	0
470	0
471	0
472	0
473	0
474	0
475	0
476	0
477	1
478	1
479	1
480	0
481	0
482	1
483	1
484	0
485	0
486	0
487	0
488	0
489	0
490	0
491	0
492	0
493	0
494	0
495	0
496	0
497	0
498	0
499	0
500	0
501	0
502	1
503	0
504	0
505	0
506	0
507	0
508	0
509	0
510	0
511	0
512	0
513	0
514	0
515	0
516	0
517	0
518	0
519	0
520	1
521	0
522	0
523	0
524	0
525	0
526	0
527	0
528	0
530	1
531	1
532	0
533	1
534	0
535	0
536	0
537	0
538	0
539	0
540	0
541	0
542	0
543	0
544	0
545	0
546	0
547	0
548	1
549	0
550	0
551	0
552	0
553	0
554	0
555	1
556	0
557	0
558	0
559	0
560	0
561	1
562	0
563	0
564	1
565	1
566	1
567	0
568	0
569	1
570	0
571	0
572	1
573	0
574	0
575	0
576	0
577	0
578	1
579	0
580	0
581	1
582	1
583	1
584	0
585	1
586	1
587	0
588	0
589	0
590	0
591	0
592	0
593	0
594	0
595	0
596	0
597	0
598	0
599	0
600	0
601	1
602	1
603	0
604	1
605	0
606	0
607	0
608	0
609	0
610	0
611	0
612	0
613	0
614	0
615	0
616	0
617	0
618	0
619	0
620	0
621	0
622	0
623	0
624	0
625	0
626	0
627	0
628	0
629	0
630	0
631	0
632	0
633	0
634	0
635	0
636	0
637	1
638	1
639	1
640	0
641	1
642	0
643	1
644	1
645	1
646	0
647	0
648	1
649	1
650	0
651	1
652	0
653	1
654	1
655	1
656	1
657	0
658	1
659	0
660	1
661	1
662	1
663	1
664	1
666	0
667	1
668	1
669	0
670	0
671	0
672	1
673	1
674	1
675	0
676	1
677	1
678	0
679	1
680	1
681	1
682	0
683	0
684	1
685	0
686	0
687	0
688	1
689	1
690	1
691	1
692	1
693	0
694	0
695	1
696	1
697	1
698	1
699	0
700	1
701	1
702	1
703	0
704	1
705	0
706	1
707	1
708	1
709	0
710	1
711	0
712	1
713	0
714	1
715	1
716	1
717	0
718	0
719	0
720	1
721	0
722	0
723	1
724	1
725	1
726	1
727	1
728	1
729	1
730	1
731	1
732	1
733	1
734	1
735	1
736	1
737	1
738	1
739	1
740	1
741	1
742	1
743	1
744	0
745	1
746	0
747	0
748	0
749	1
750	1
751	0
752	1
753	0
754	0
755	0
756	0
757	0
758	0
759	0
760	0
761	0
762	1
763	1
764	1
765	1
766	1
767	1
768	1
769	1
770	1
771	1
772	1
773	1
774	1
775	1
776	1
777	1
778	1
779	1
780	1
781	1
782	1
783	1
784	1
785	1
786	1
787	1
788	1
789	1
790	1
791	0
792	1
793	1
794	1
795	1
796	1
797	1
798	1
799	1
800	1
801	1
802	1
803	1
804	1
805	1
806	1
807	1
808	1
809	1
810	1
811	1
812	0
813	1
814	1
815	1
816	1
817	1
819	1
820	1
821	1
822	1
823	0
824	1
825	1
826	1
827	1
828	1
829	1
830	1
831	1
832	1
833	1
834	1
835	0
836	1
837	1
838	1
839	1
840	0
841	1
842	1
843	1
844	1
845	0
846	0
847	0
848	0
849	0
850	0
851	0
852	0
853	0
854	0
855	1
856	0
857	0
858	0
859	0
860	0
861	0
862	0
863	0
864	0
865	0
866	0
867	0
868	0
869	0
870	0
871	0
872	0
873	0
874	1
875	1
876	0
877	1
878	0
879	0
880	0
881	0
882	0
883	0
884	0
885	1
886	1
887	1
888	1
889	0
890	1
891	1
892	1
893	0
894	0
895	0
896	0
897	0
898	0
899	0
900	0
901	0
902	0
903	0
904	0
905	0
906	0
907	0
908	0
909	0
910	0
911	0
912	0
913	0
914	0
915	0
916	0
917	0
918	0
919	0
920	0
921	0
922	0
923	0
924	0
925	0
926	0
927	0
928	0
929	1
930	0
931	0
932	0
933	1
934	1
935	1
936	1
937	1
938	1
939	1
940	0
941	1
942	1
943	0
944	1
945	1
946	1
947	0
948	1
949	0
950	1
951	1
952	1
954	1
956	1
957	1
958	1
960	1
961	0
962	1
963	1
964	1
965	1
966	0
967	0
968	0
969	0
970	1
971	0
972	1
973	1
974	1
975	1
976	0
977	1
978	1
979	0
980	0
981	1
982	0
983	1
984	1
985	0
986	1
987	1
988	0
989	0
990	1
991	1
992	0
993	1
994	1
995	1
996	1
997	1
998	1
999	1
1000	0
1001	1
1002	0
1003	0
1004	1
1005	0
1006	1
1007	0
1008	1
1009	0
1010	1
1011	1
1012	0
1013	0
1014	0
1015	0
1016	0
1017	0
1018	0
1019	0
1020	0
1021	0
1022	0
1023	0
1024	0
1025	1
1026	1
1027	1
1028	1
1029	1
1030	1
1031	1
1032	1
1033	1
1034	1
1035	1
1036	1
1037	0
1038	0
1039	0
1040	0
1041	0
1042	1
1043	0
1044	0
1045	0
1046	0
1047	0
1048	0
1049	0
1050	1
1051	1
1052	1
1053	1
1054	0
1055	1
1056	0
1057	1
1058	1
1059	1
1060	1
1061	1
1062	1
1063	0
1064	0
1065	0
1066	0
1067	0
1068	0
1069	1
1070	1
1071	1
1072	1
1073	1
1074	0
1075	1
1076	1
1077	0
1078	1
1079	0
1080	0
1081	0
1082	0
1083	0
1084	0
1085	0
1086	0
1087	1
1088	0
1089	0
1090	1
1091	0
1092	0
1093	1
1094	0
1095	0
1096	0
1097	0
1098	1
1099	0
1100	0
1101	1
1102	0
1103	1
1104	1
1105	1
1106	1
1107	1
1108	1
1109	1
1110	1
1111	1
1112	1
1113	0
1115	0
1116	0
1118	1
1119	0
1120	0
1121	1
1122	0
1123	0
1124	0
1125	0
1126	0
1127	0
1129	0
1134	0
1135	0
1136	0
1137	0
1138	0
1139	0
1140	0
1142	0
1144	0
1145	0
1146	0
1147	0
1148	0
1149	0
1150	0
1153	0
1154	0
1155	0
1157	0
1166	0
1170	0
1175	0
1176	0
1181	0
1182	0
1183	0
1187	0
1189	0
1190	0
1191	0
1194	0
1195	0
1196	0
1197	0
1198	0
1200	0
1201	0
1202	0
1205	1
1206	1
1207	0
1208	0
1209	0
1210	1
1211	0
1212	1
1213	0
1214	0
1215	1
1217	1
1218	0
1221	1
1222	0
1223	0
1224	0
1225	0
1226	0
1227	0
1228	0
1229	0
1230	1
1231	1
1232	1
1233	1
1235	0
1236	0
1237	0
1238	1
1239	1
1240	1
1241	1
1242	1
1243	1
1244	1
1245	1
1246	1
1247	1
1248	0
1249	1
1250	0
1251	0
1252	0
1253	0
1254	1
1255	0
1256	1
1257	1
1258	1
1259	1
1260	0
1261	0
1262	0
1263	1
1264	1
1265	1
1266	0
1267	1
1268	1
1269	0
1270	0
1271	1
1272	0
1273	0
1274	0
1275	1
1276	0
1277	0
1278	0
1279	0
1280	1
1281	0
1282	0
1283	1
1284	0
1285	1
1286	0
1287	0
1288	0
1289	0
1290	0
1291	0
1292	0
1293	0
1294	1
1295	0
1296	0
1297	0
1298	1
1299	0
1300	1
1301	1
1302	1
1303	1
1304	0
1305	0
1306	0
1307	0
1308	1
1309	0
1310	0
1311	0
1312	0
1313	0
1314	0
1315	0
1316	0
1317	0
1318	1
1319	1
1320	0
1321	1
1322	0
1323	1
1324	1
1325	1
1326	1
1327	1
1328	0
1329	1
1330	1
1331	1
1332	1
1333	1
1334	1
1335	1
1336	1
1337	1
1338	1
1339	1
1340	1
1341	1
1342	1
1343	1
1344	1
1345	0
1346	1
1347	1
1348	0
1349	0
1350	1
1351	0
1352	1
1353	1
1354	0
1355	1
1356	1
1357	1
1358	1
1359	1
1360	1
1361	1
1362	1
1363	1
1364	1
1365	0
1366	0
1367	0
1368	0
1369	1
1370	1
1371	1
1372	0
1373	0
1374	1
1375	1
1376	1
1377	0
1378	0
1379	1
1380	1
1381	0
1382	1
1383	0
1384	1
1385	1
1386	1
1387	1
1388	0
1389	1
1390	1
1391	1
1392	1
1393	1
1394	1
1395	1
1396	1
1397	1
1398	1
1399	1
1400	1
1401	1
1402	1
1403	1
1404	1
1405	1
1406	1
1407	1
1408	1
1409	1
1410	1
1411	1
1412	1
1413	1
1414	1
1415	1
1416	1
1417	1
1418	1
1419	1
1420	1
1421	1
1422	1
1423	1
1424	1
1425	1
1426	1
1427	1
1428	1
1429	0
1430	1
1431	1
1432	0
1433	0
1434	1
1435	0
1436	1
1437	0
1438	1
1439	0
1440	1
1441	0
1442	0
1443	1
1444	1
1445	1
1446	1
1447	1
1448	0
1449	1
1450	1
1451	1
1452	1
1453	1
1454	0
1455	1
1456	1
1457	1
1458	1
1459	1
1460	1
1461	1
1462	1
1463	0
1464	0
1465	1
1466	1
1467	0
1468	0
1469	1
1470	1
1471	1
1472	0
1473	1
1474	1
1475	1
1476	1
1477	1
1478	1
1479	1
1481	0
1482	1
1483	1
1484	1
1485	1
1486	1
1487	1
1488	1
1489	1
1490	1
1491	1
1492	1
1493	0
1494	1
1495	1
1496	1
1497	1
1498	0
1499	1
1500	1
1501	1
1502	0
1503	0
1504	1
1505	1
1506	1
1507	1
1508	0
1509	0
1510	0
1511	1
1512	0
1513	1
1514	1
1515	1
1516	1
1517	1
1518	1
1519	1
1520	1
1521	1
1522	1
1523	1
1524	1
1525	1
1526	1
1527	1
1528	1
1529	1
1530	1
1531	1
1532	1
1533	1
1534	0
1535	1
1536	0
1537	1
1538	1
1539	1
1540	1
1541	1
1542	1
1543	1
1544	0
1545	1
1546	1
1547	1
1548	1
1549	1
1550	1
1551	1
1552	0
1553	0
1554	0
1555	1
1557	0
1558	0
1559	0
1560	0
1561	0
1562	1
1563	0
1564	0
1565	1
1566	1
1567	1
1568	1
1569	1
1570	0
1571	0
1572	0
1573	1
1574	0
1575	0
1576	0
1577	1
1578	0
1579	1
1580	1
1581	1
1582	0
1583	1
1584	1
1585	0
1586	0
1587	1
1588	0
1589	1
1590	1
1591	0
1592	0
1593	0
1594	1
1595	1
1596	1
1597	1
1598	1
1599	1
1600	1
1601	0
1602	1
1603	1
1604	1
1605	1
1606	1
1607	1
1608	1
1609	1
1610	0
1611	1
1612	1
1613	1
1614	1
1615	1
1616	0
1617	0
1618	0
1619	0
1620	0
1621	1
1622	1
1623	1
1624	1
1625	1
1626	1
1627	1
1628	1
1629	1
1630	1
1631	0
1632	1
1633	1
1634	1
1635	1
1636	1
1637	1
1638	1
1639	0
1640	1
1641	1
1642	1
1643	0
1644	1
1645	1
1646	0
1647	1
1648	1
1649	1
1650	1
1651	1
1652	1
1653	0
1654	0
1655	0
1656	1
1657	1
1658	0
1659	0
1660	0
1661	0
1662	0
1663	0
1664	0
1665	1
1666	1
1667	1
1668	1
1669	1
1670	0
1671	1
1672	0
1673	1
1674	1
1675	1
1676	1
1677	0
1678	0
1679	0
1680	0
1681	0
1682	0
1683	0
1684	0
1685	0
1686	0
1687	0
1688	0
1689	0
1690	0
1691	0
1692	0
1693	0
1694	0
1695	0
1696	0
1697	0
1698	0
1699	0
1700	0
1701	0
1702	0
1703	0
1704	0
1705	0
1706	0
1707	0
1708	0
1709	0
1710	0
1711	0
1712	0
1713	0
1714	0
1715	0
1716	0
1717	0
1718	0
1719	0
1720	0
1721	0
1722	0
1723	0
1724	0
1725	0
1726	0
1727	0
1728	0
1729	0
1730	0
1731	0
1732	0
1733	0
1735	0
1736	0
1737	0
1740	0
1741	0
1742	0
1743	0
1744	0
1745	0
1746	0
1747	0
1748	0
1749	0
1750	0
1751	0
1752	0
1753	0
1754	0
1755	0
1756	0
1757	0
1758	0
1759	0
1760	0
1761	0
1762	0
1763	1
1764	0
1765	1
1766	0
1767	1
1768	0
1769	0
1770	1
1771	1
1772	1
1773	1
1774	1
1775	1
1776	1
1777	0
1778	0
1779	0
1780	1
1781	1
1782	1
1783	1
1784	1
1785	1
1786	1
1787	1
1788	1
1789	1
1790	1
1791	1
1792	1
1793	0
1794	1
1795	1
1796	1
1797	1
1798	0
1799	1
1800	1
1801	0
1802	1
1803	1
1804	1
1805	1
1806	1
1807	1
1808	1
1810	1
1811	0
1812	1
1813	1
1815	1
1816	1
1817	0
1818	1
1819	1
1820	1
1821	1
1822	1
1823	1
1824	1
1825	1
1826	1
1827	1
1828	0
1829	1
1830	1
1831	1
1832	1
1833	1
1834	1
1835	1
1837	1
1838	1
1839	1
1840	1
1841	1
1842	1
1843	1
1844	1
1845	0
1846	1
1847	1
1848	0
1849	1
1850	1
1851	1
1852	1
1854	1
1855	1
1856	1
1857	1
1858	1
1859	1
1861	1
1862	1
1863	1
1864	1
1865	1
1866	0
1867	1
1868	1
1869	0
1870	1
1871	1
1872	1
1873	1
1874	1
1875	1
1876	1
1877	1
1878	1
1879	1
1880	1
1881	1
1882	1
1883	1
1884	1
1885	1
1886	0
1887	1
1888	1
1889	1
1890	0
1891	0
1892	0
1893	1
1894	1
1895	1
1896	1
1897	1
1898	1
1899	0
1900	0
1901	0
1902	0
1903	0
1904	0
1905	0
1906	0
1907	0
1908	0
1909	0
1910	0
1911	0
1912	1
1913	1
1914	1
1915	1
1916	1
1917	1
1918	1
1919	1
1920	1
1921	1
1922	1
1923	1
1924	1
1925	1
1926	1
1927	0
1928	0
1929	1
1930	1
1931	1
1933	1
1934	1
1935	1
1936	0
1937	0
1938	1
1939	1
1941	1
1942	1
1943	1
1944	1
1945	1
1946	1
1947	1
1948	1
1949	0
1950	1
1951	1
1952	0
1953	1
1954	0
1955	0
1956	0
1957	1
1958	1
1959	1
1960	1
1961	1
1962	1
1963	1
1964	1
1965	1
1966	1
1967	1
1968	1
1969	1
1970	1
1971	1
1972	0
1973	1
1974	0
1975	1
1976	1
1977	1
1978	1
1979	1
1980	1
1981	0
1982	1
1983	0
1984	1
1985	0
1986	1
1987	1
1988	1
1989	0
1990	1
1991	0
1992	0
1993	0
1994	0
1995	0
1996	0
1997	0
1998	0
1999	0
2000	0
2001	1
2002	0
2003	0
2004	0
2005	0
2006	0
2007	0
2008	0
2009	0
2010	0
2011	1
2012	0
2013	0
2014	1
2015	0
2016	1
2017	0
2018	0
2019	0
2020	0
2021	0
2022	0
2023	0
2024	1
2025	0
2026	0
2027	0
2028	1
2029	0
2030	0
2031	0
2033	0
2034	0
2036	0
2037	0
2038	0
2039	0
2040	0
2041	1
2042	0
2043	1
2044	1
2045	0
2046	0
2047	1
2048	0
2049	0
2050	0
2051	0
2052	1
2053	1
2054	0
2055	1
2056	1
2057	1
2058	0
2059	0
2060	0
2061	0
2062	0
2063	1
2064	1
2065	0
2066	0
2067	0
2068	0
2069	0
2070	0
2071	0
2072	0
2073	0
2074	0
2075	0
2076	0
2077	0
2078	0
2079	0
2080	0
2081	0
2082	0
2083	0
2084	0
2085	0
2086	0
2087	0
2088	0
2089	0
2090	1
2091	0
2092	0
2093	0
2094	0
2095	0
2096	0
2097	1
2098	0
2099	0
2100	0
2101	0
2102	1
2103	0
2104	1
2105	0
2106	1
2107	0
2108	0
2109	0
2110	0
2111	0
2112	0
2113	0
2114	0
2115	0
2116	0
2117	0
2118	0
2119	1
2120	0
2121	0
2122	0
2123	1
2124	0
2125	0
2126	0
2127	1
2128	0
2129	0
2130	0
2131	0
2132	0
2133	0
2134	0
2135	0
2136	0
2137	0
2138	0
2139	0
2140	0
2141	0
2142	0
2143	0
2144	0
2145	0
2146	0
2147	0
2148	0
2149	0
2150	0
2151	0
2152	0
2153	0
2154	0
2155	0
2156	0
2157	1
2158	0
2159	1
2160	0
2161	0
2162	0
2163	0
2164	0
2165	0
2166	0
2167	0
2168	0
2169	0
2170	0
2172	0
2173	0
2174	0
2175	0
2176	0
2177	0
2178	0
2179	0
2180	0
2181	0
2182	0
2183	0
2184	0
2185	0
2186	0
2187	0
2188	0
2189	0
2190	0
2191	0
2192	0
2193	0
2194	0
2195	0
2196	0
2197	0
2198	0
2199	0
2200	0
2201	1
2202	0
2203	0
2204	0
2205	0
2206	0
2207	0
2208	0
2209	0
2210	0
2211	0
2212	0
2213	0
2214	0
2215	1
2216	0
2217	0
2218	0
2219	0
2220	0
2221	0
2222	0
2223	0
2224	0
2225	0
2226	0
2227	0
2228	1
2229	1
2230	0
2231	0
2232	0
2233	0
2234	0
2235	0
2236	0
2237	0
2238	0
2239	0
2240	0
2241	0
2242	0
2243	0
2244	0
2245	0
2246	0
2247	0
2248	0
2249	0
2250	0
2251	0
2252	0
2253	0
2254	0
2255	0
2256	0
2257	0
2258	0
2259	0
2260	0
2261	0
2262	0
2263	0
2264	0
2265	0
2266	0
2267	0
2268	0
2269	0
2270	0
2271	0
2272	0
2273	0
2274	0
2275	0
2276	0
2277	0
2278	0
2279	0
2280	0
2281	0
2282	0
2283	0
2284	0
2285	0
2286	0
2287	0
2288	0
2289	0
2290	0
2291	0
2293	0
2294	0
2295	0
2296	0
2297	0
2298	0
2299	0
2300	0
2301	0
2302	0
2303	0
2304	0
2305	0
2306	0
2307	0
2308	0
2309	0
2310	0
2311	0
2312	0
2313	0
2314	0
2315	0
2316	0
2317	0
2318	0
2319	0
2320	0
2321	0
2322	0
2323	0
2324	0
2325	0
2326	0
2327	0
2328	0
2329	0
2330	0
2331	0
2332	0
2333	0
2334	0
2335	0
2336	0
2337	0
2338	0
2339	0
2340	0
2341	0
2342	0
2343	0
2344	0
2345	0
2346	0
2347	0
2348	0
2349	0
2350	0
2351	0
2352	0
2353	0
2354	0
2355	0
2356	0
2357	0
2358	0
2359	0
2360	0
2361	0
2362	0
2363	0
2364	0
2365	0
2366	0
2367	0
2368	0
2369	0
2370	0
2371	0
2372	1
2373	0
2374	0
2375	0
2376	0
2377	0
2378	0
2379	0
2380	0
2381	0
2382	0
2383	0
2384	0
2385	0
2386	0
2387	0
2388	0
2389	0
2390	0
2391	0
2392	0
2393	0
2394	0
2395	0
2396	0
2397	0
2398	0
2399	0
2400	0
2401	0
2402	0
2403	0
2404	0
2405	0
2406	0
2407	0
2408	0
2409	1
2410	0
2411	0
2412	0
2413	0
2414	0
2415	0
2416	0
2417	0
2418	0
2419	1
2420	0
2421	1
2422	0
2424	0
2425	0
2426	0
2427	0
2428	0
2429	0
2430	1
2431	0
2432	1
2433	1
2434	1
2435	1
2436	0
2437	0
2438	1
2439	0
2440	0
2441	0
2442	0
2443	0
2444	0
2445	0
2446	1
2447	1
2448	1
2449	0
2450	0
2451	0
2452	0
2453	0
2454	0
2455	0
2456	0
2457	0
2458	0
2459	0
2460	1
2461	0
2462	0
2463	1
2464	1
2465	1
2466	1
2467	1
2468	1
2469	1
2470	1
2471	1
2472	1
2473	0
2474	1
2475	0
2476	0
2477	0
2478	0
2479	0
2480	0
2481	0
2482	0
2483	0
2484	0
2485	0
2486	1
2487	0
2488	1
2489	1
2490	1
2491	1
2492	1
2493	1
2494	1
2495	1
2496	1
2497	1
2498	0
2499	1
2500	1
2501	0
2502	1
2503	1
2504	1
2505	1
2506	1
2507	1
2508	1
2509	1
2510	1
2511	1
2512	1
2513	1
2514	1
2515	1
2516	1
2517	1
2518	1
2519	1
2520	1
2521	1
2522	0
2523	0
2524	1
2525	1
2526	0
2527	1
2528	0
2529	0
2530	1
2531	1
2532	1
2533	0
2534	0
2535	0
2536	0
2537	0
2538	0
2539	1
2540	0
2541	0
2542	0
2543	0
2544	1
2545	1
2546	1
2547	0
2548	1
2549	1
2550	1
2551	0
2552	0
2553	0
2554	1
2555	1
2556	0
2557	0
2558	0
2559	0
2560	0
2561	0
2562	0
2563	0
2564	0
2565	0
2566	0
2567	0
2568	0
2569	0
2570	0
2571	0
2572	1
2573	1
2574	0
2575	0
2576	0
2577	0
2578	0
2579	0
2580	0
2581	0
2582	0
2583	1
2584	0
2585	0
2586	0
2587	0
2588	1
2589	1
2590	0
2591	1
2592	0
2593	0
2594	0
2595	0
2596	1
2597	1
2598	1
2599	0
2600	1
2601	1
2602	1
2603	1
2604	1
2605	1
2606	0
2607	0
2608	1
2609	1
2610	1
2611	1
2612	1
2613	1
2615	0
2616	0
2617	0
2618	0
2619	0
2620	0
2621	1
2622	1
2623	0
2624	1
2625	0
2626	1
2627	0
2628	0
2629	0
2630	1
2631	0
2632	0
2633	0
2634	0
2635	0
2636	0
2637	0
2638	1
2639	1
2640	1
2641	1
2642	0
2643	1
2644	1
2645	1
2646	1
2647	0
2648	1
2649	1
2650	1
2651	1
2652	1
2653	1
2654	1
2655	1
2656	1
2657	1
2658	0
2659	1
2660	1
2661	1
2662	1
2663	1
2664	1
2665	1
2666	1
2667	0
2668	0
2669	0
2670	0
2671	0
2672	0
2673	1
2674	1
2675	1
2676	1
2677	0
2678	0
2679	0
2680	0
2681	0
2682	1
2683	0
2684	0
2685	0
2686	0
2687	1
2688	1
2689	1
2690	1
2691	0
2692	0
2693	0
2694	0
2695	0
2696	0
2697	0
2698	0
2699	0
2700	0
2701	1
2702	1
2703	1
2704	0
2705	1
2706	1
2707	1
2708	0
2709	0
2710	0
2711	0
2712	0
2713	0
2714	0
2715	0
2716	1
2717	1
2718	1
2719	1
2720	1
2721	0
2722	1
2723	1
2724	1
2725	1
2726	1
2728	0
2729	0
2730	0
2731	0
2732	0
2733	0
2734	1
2735	1
2736	1
2737	1
2738	1
2739	1
2740	1
2741	1
2742	1
2743	1
2744	0
2745	1
2746	1
2747	0
2748	1
2749	1
2750	0
2751	0
2752	0
2753	0
2754	0
2755	1
2756	0
2757	0
2758	0
2759	0
2760	0
2761	0
2762	1
2763	0
2764	1
2765	0
2766	0
2767	0
2768	0
2769	0
2770	0
2771	1
2772	1
2773	1
2774	1
2775	1
2776	1
2777	0
2778	1
2779	1
2780	0
2781	0
2782	1
2783	0
2784	0
2785	1
2786	1
2787	1
2788	1
2789	0
2790	0
2791	0
2792	0
2793	0
2794	0
2795	1
2796	0
2797	0
2798	1
2799	0
2800	1
2801	1
2802	1
2803	0
2804	1
2805	1
2806	1
2807	1
2808	1
2809	1
2810	0
2811	1
2812	0
2813	0
2814	1
2815	1
2816	0
2817	1
2818	1
2819	0
2820	0
2821	0
2822	1
2823	0
2824	1
2825	0
2826	0
2827	1
2828	0
2829	0
2830	0
2831	0
2832	0
2833	0
2834	0
2835	0
2836	0
2837	0
2838	0
2839	0
2840	0
2841	0
2842	0
2843	0
2844	0
2845	0
2846	0
2847	0
2848	0
2849	0
2850	0
2851	0
2852	0
2853	0
2854	0
2855	0
2856	0
2857	0
2858	0
2859	0
2860	0
2861	0
2862	0
2863	0
2864	0
2865	0
2866	0
2867	0
2868	0
2869	0
2870	0
2871	0
2872	0
2873	0
2874	0
2875	0
2876	0
2877	0
2878	1
2879	0
2880	0
2881	0
2882	0
2883	0
2884	0
2885	0
2886	0
2887	0
2888	0
2889	0
2890	0
2891	0
2892	0
2893	1
2894	1
2895	0
2896	0
2897	0
2898	0
2899	0
2900	0
2901	1
2902	0
2903	0
2904	1
2905	0
2906	0
2907	1
2908	1
2909	1
2910	1
2911	0
2912	1
2913	1
2914	1
2915	1
2916	1
2917	1
2918	1
2919	0
2920	0
2921	0
2922	0
2923	0
2924	0
2926	0
2927	0
2928	0
2929	0
2930	0
2932	0
2934	0
2935	0
2936	0
2937	0
2938	0
2940	0
2941	0
2942	0
2944	0
2946	0
2947	0
2948	0
2949	0
2950	0
2951	0
2952	0
2953	1
2954	0
2955	1
2956	0
2957	0
2958	0
2959	0
2960	1
2961	1
2962	1
2963	0
2964	0
2965	0
2966	1
2967	0
2968	1
2969	0
2970	0
2971	0
2972	0
2973	1
2974	1
2975	1
2976	1
2977	1
2978	1
2979	1
2980	0
2981	0
2982	0
2983	1
2984	1
2985	1
2986	0
2987	1
2988	1
2989	1
2990	1
2991	1
2992	1
2993	1
2994	1
2995	1
2996	1
2997	1
2998	1
2999	1
3000	1
3001	1
3002	1
3003	1
3004	1
3005	1
3006	1
3007	1
3008	1
3009	1
3010	1
3011	0
3012	1
3013	0
3014	1
3015	1
3017	1
3018	1
3019	1
3020	1
3021	1
3022	0
3023	1
3024	1
3025	1
3026	1
3027	1
3028	1
3029	1
3030	1
3031	1
3032	1
3033	1
3034	1
3035	1
3036	1
3037	1
3038	1
3039	1
3040	0
3041	1
3042	1
3043	1
3044	1
3045	1
3046	1
3047	1
3048	1
3049	1
3050	1
3051	1
3052	1
3053	1
3054	0
3055	1
3056	1
3057	0
3058	0
3059	1
3060	1
3061	1
3062	0
3063	0
3064	0
3065	1
3066	1
3067	1
3068	0
3069	1
3070	1
3071	1
3072	1
3073	1
3074	1
3075	1
3076	0
3077	1
3078	0
3079	1
3080	1
3081	1
3082	1
3083	1
3084	1
3085	1
3086	1
3087	1
3088	1
3089	1
3090	1
3091	1
3092	0
3093	1
3094	1
3095	1
3096	1
3097	1
3098	1
3099	1
3100	1
3101	1
3102	1
3103	1
3104	1
3105	1
3106	1
3107	1
3108	1
3109	1
3110	1
3111	1
3112	0
3113	0
3114	0
3115	1
3116	1
3117	1
3118	0
3119	1
3120	1
3121	1
3122	1
3123	1
3124	1
3125	1
3126	1
3127	1
3128	0
3129	1
3130	1
3131	0
3132	0
3133	0
3134	0
3135	1
3136	1
3137	1
3138	1
3139	0
3140	1
3141	1
3142	1
3143	1
3144	1
3145	1
3146	1
3147	0
3148	0
3149	1
3150	1
3151	0
3152	1
3153	0
3154	0
3155	1
3156	0
3157	0
3158	0
3159	0
3160	0
3161	0
3162	0
3163	0
3164	0
3165	0
3166	0
3167	0
3168	0
3169	0
3170	1
3171	0
3172	0
3173	0
3174	0
3175	0
3176	0
3177	0
3178	0
3180	0
3181	0
3182	0
3183	0
3185	0
3186	0
3187	0
3188	0
3189	0
3190	0
3191	0
3192	0
3193	0
3194	0
3195	0
3196	0
3197	0
3198	0
3199	1
3201	1
3202	0
3203	0
3204	0
3205	0
3206	0
3207	1
3208	0
3209	0
3210	1
3211	1
3212	1
3213	1
3214	1
3215	1
3216	1
3217	0
3218	0
3219	0
3220	0
3221	0
3222	0
3223	0
3224	0
3225	0
3226	0
3227	1
3228	1
3229	1
3230	0
3231	0
3232	1
3233	1
3234	1
3235	1
3236	1
3237	0
3238	0
3239	0
3240	0
3241	0
3242	0
3243	0
3244	0
3245	0
3246	0
3247	0
3248	0
3249	0
3250	0
3251	0
3252	0
3253	0
3254	0
3255	0
3256	0
3257	0
3258	0
3259	0
3260	0
3261	0
3262	0
3263	0
3264	0
3265	0
3266	0
3267	0
3268	0
3269	0
3270	0
3271	0
3272	0
3273	1
3274	0
3275	0
3276	0
3277	0
3278	0
3279	0
3280	0
3281	1
3282	0
3283	0
3284	0
3285	0
3286	0
3287	0
3288	0
3289	0
3290	0
3291	0
3292	0
3293	0
3294	0
3295	0
3296	0
3297	0
3298	0
3299	0
3300	0
3301	0
3302	1
3303	0
3304	0
3305	1
3306	0
3307	1
3308	0
3309	1
3310	1
3311	0
3312	0
3313	0
3314	0
3315	0
3316	0
3317	0
3318	0
3319	0
3320	0
3321	0
3322	0
3323	0
3324	0
3325	0
3326	0
3327	0
3328	1
3329	1
3330	0
3331	1
3332	1
3333	1
3334	0
3335	1
3336	0
3337	1
3338	1
3339	0
3340	0
3341	1
3342	1
3343	0
3344	1
3345	0
3346	0
3347	1
3348	1
3349	1
3350	1
3351	1
3352	1
3353	1
3354	1
3355	1
3356	1
3357	0
3358	1
3359	0
3360	1
3361	1
3362	0
3363	1
3364	1
3365	1
3368	1
3369	1
3370	0
3371	1
3372	1
3373	0
3374	1
3375	1
3376	0
3377	1
3378	1
3379	1
3380	0
3381	1
3382	1
3383	1
3384	1
3385	0
3386	1
3387	1
3388	1
3389	1
3390	1
3391	1
3392	1
3393	1
3394	1
3395	1
3396	1
3397	1
3398	1
3399	0
3400	1
3401	1
3402	1
3403	1
3404	1
3405	1
3406	0
3407	1
3408	0
3409	1
3410	1
3411	1
3412	1
3413	1
3414	0
3415	1
3416	0
3417	1
3418	1
3419	1
3420	1
3421	0
3423	1
3424	1
3425	1
3426	1
3427	1
3428	0
3429	0
3430	1
3431	0
3432	0
3433	1
3434	1
3435	1
3436	1
3437	1
3438	1
3439	1
3440	1
3441	1
3442	1
3443	1
3444	1
3445	1
3446	1
3447	1
3448	0
3449	1
3450	1
3451	0
3452	1
3453	1
3454	0
3455	1
3456	1
3457	1
3458	1
3459	0
3460	1
3461	1
3462	1
3463	1
3464	1
3465	1
3466	1
3467	1
3468	1
3469	1
3470	1
3471	1
3472	0
3473	1
3474	1
3475	1
3476	1
3477	1
3478	1
3479	1
3480	1
3481	0
3482	1
3483	1
3484	1
3485	1
3486	1
3487	1
3488	1
3489	1
3490	0
3491	1
3492	1
3493	0
3494	1
3495	1
3496	1
3497	1
3498	1
3499	1
3500	1
3501	1
3502	0
3503	1
3504	1
3505	0
3506	1
3507	1
3508	1
3509	0
3510	1
3511	0
3512	1
3513	1
3514	1
3515	1
3516	1
3517	1
3518	0
3519	1
3520	1
3521	0
3522	1
3523	1
3524	1
3525	1
3526	1
3527	1
3528	0
3529	0
3530	0
3531	1
3532	1
3533	1
3534	1
3535	1
3536	1
3537	1
3538	1
3539	1
3540	1
3541	1
3542	1
3543	1
3544	1
3545	1
3546	1
3547	1
3548	1
3549	1
3550	1
3551	1
3552	1
3553	1
3554	1
3555	1
3556	1
3557	1
3558	1
3559	0
3560	1
3561	1
3562	1
3563	1
3564	1
3565	1
3566	1
3567	1
3568	1
3569	1
3570	1
3571	1
3572	1
3573	1
3574	1
3575	1
3576	0
3577	1
3578	1
3579	1
3580	1
3581	0
3582	1
3583	0
3584	1
3585	1
3586	1
3587	1
3588	1
3589	1
3590	1
3591	1
3592	1
3593	1
3594	1
3595	1
3596	1
3597	1
3598	1
3599	1
3600	1
3601	1
3602	1
3603	1
3604	1
3605	1
3606	0
3607	1
3608	1
3609	1
3610	1
3611	1
3612	1
3613	0
3614	1
3615	1
3616	1
3617	1
3618	1
3619	1
3620	0
3621	0
3622	1
3623	1
3624	1
3625	1
3626	1
3627	1
3628	1
3629	1
3630	1
3631	1
3632	1
3633	0
3634	0
3635	0
3636	0
3637	0
3638	0
3639	0
3640	0
3641	0
3642	0
3643	0
3644	0
3645	0
3646	0
3647	0
3648	0
3649	0
3650	0
3651	0
3652	0
3653	0
3654	1
3655	0
3656	0
3657	1
3658	1
3659	1
3660	1
3661	1
3662	1
3663	1
3664	1
3665	1
3666	0
3667	0
3668	1
3669	1
3670	1
3671	1
3672	1
3673	0
3674	1
3675	0
3676	0
3677	0
3678	0
3679	1
3680	1
3681	1
3682	1
3683	1
3684	1
3685	1
3686	1
3687	1
3688	1
3689	1
3690	1
3691	1
3692	1
3693	1
3694	1
3695	1
3696	1
3697	1
3698	1
3699	1
3700	1
3701	1
3702	1
3703	1
3704	1
3705	1
3706	1
3707	1
3708	1
3709	1
3710	1
3711	1
3712	1
3713	1
3714	1
3715	1
3716	1
3717	0
3718	0
3719	1
3720	0
3721	0
3722	1
3723	1
3724	1
3725	1
3726	1
3727	0
3728	1
3729	1
3730	1
3731	1
3732	1
3733	1
3734	0
3735	1
3736	1
3737	1
3738	1
3739	0
3740	0
3741	1
3742	1
3743	1
3744	1
3745	1
3746	1
3747	1
3748	1
3749	1
3750	1
3751	1
3752	1
3753	1
3754	1
3755	1
3756	1
3757	1
3758	1
3759	1
3760	1
3761	1
3762	1
3763	1
3764	1
3765	1
3766	1
3767	1
3768	1
3769	1
3770	1
3771	1
3772	1
3773	1
3774	1
3775	1
3776	1
3777	1
3778	1
3779	0
3780	1
3781	1
3782	1
3783	1
3784	1
3785	1
3786	0
3787	1
3788	1
3789	1
3790	1
3791	1
3792	1
3793	1
3794	0
3795	1
3796	1
3797	1
3798	1
3799	1
3800	1
3801	1
3802	1
3803	1
3804	1
3805	1
3806	1
3807	0
3808	1
3809	1
3810	1
3811	1
3812	1
3813	1
3814	0
3815	1
3816	1
3817	1
3818	1
3819	1
3820	1
3821	1
3822	1
3823	1
3824	1
3825	1
3826	1
3827	1
3828	1
3829	1
3830	1
3831	0
3832	1
3833	0
3834	0
3835	1
3836	0
3837	0
3838	1
3839	0
3840	0
3841	1
3842	1
3843	1
3844	0
3845	1
3846	1
3847	1
3848	1
3849	1
3850	1
3851	1
3852	0
3853	1
3854	1
3855	1
3856	1
3857	1
3858	1
3859	1
3860	1
3861	1
3862	1
3863	1
3864	1
3865	1
3866	1
3867	1
3868	0
3869	1
3870	1
3871	1
3872	1
3873	1
3874	1
3875	1
3876	1
3877	1
3878	1
3879	1
3880	1
3881	1
3882	1
3883	1
3884	1
3885	1
3886	1
3887	0
3888	0
3889	1
3890	0
3891	1
3892	1
3893	0
3894	1
3895	1
3896	1
3897	0
3898	0
3899	1
3900	1
3901	1
3902	0
3903	0
3904	1
3905	1
3906	1
3907	1
3908	1
3909	1
3910	1
3911	1
3912	1
3913	1
3914	1
3915	1
3916	1
3917	1
3918	1
3919	1
3920	1
3921	1
3922	1
3923	1
3924	1
3925	1
3926	1
3927	1
3928	1
3929	1
3930	1
3931	1
3932	1
3933	1
3934	1
3935	1
3936	1
3937	1
3938	1
3939	1
3940	1
3941	1
3942	1
3943	1
3944	1
3945	1
3946	1
3947	1
3948	1
3949	1
3950	1
3951	1
3952	1
3953	1
3954	0
3955	1
3956	1
3957	1
3958	1
3959	1
3960	1
3961	1
3962	1
3963	1
3964	1
3965	1
3966	1
3967	1
3968	1
3969	1
3970	1
3971	1
3972	1
3973	1
3974	1
3975	1
3976	0
3977	0
3978	1
3979	1
3980	1
3981	1
3982	1
3983	1
3984	0
3985	1
3986	0
3987	0
3988	1
3989	0
3990	1
3991	0
3992	0
3993	0
3994	0
3995	1
3996	1
3997	1
3998	1
3999	1
4000	0
4001	0
4002	0
4003	0
4004	0
4005	1
4006	0
4007	0
4008	0
4009	0
4010	0
4011	0
4012	0
4013	0
4014	0
4015	1
4016	0
4017	0
4018	0
4019	0
4020	0
4021	0
4022	0
4023	0
4024	0
4025	0
4026	0
4027	0
4028	0
4029	0
4030	0
4031	0
4032	0
4033	0
4034	0
4035	0
4036	0
4037	0
4038	0
4039	0
4040	0
4041	0
4042	0
4043	0
4044	0
4045	0
4046	0
4047	0
4048	0
4049	0
4050	0
4051	0
4052	0
4053	0
4054	0
4055	0
4056	0
4057	0
4058	0
4059	0
4060	0
4061	0
4062	0
4063	0
4064	0
4065	0
4066	0
4067	0
4068	0
4069	0
4070	0
4071	0
4072	0
4073	0
4074	0
4075	0
4076	0
4077	0
4078	0
4079	0
4080	0
4081	0
4082	0
4083	0
4084	0
4085	0
4086	0
4087	0
4088	0
4089	0
4090	0
4091	0
4092	0
4093	0
4094	0
4095	0
4096	0
4097	0
4098	0
4099	0
4100	0
4101	0
4102	0
4103	0
4104	0
4105	0
4106	0
4107	0
4108	0
4109	0
4110	0
4111	0
4112	0
4113	0
4114	0
4115	0
4116	0
4118	0
4119	0
4120	1
4121	0
4122	0
4123	0
4124	1
4125	0
4126	0
4127	0
4128	0
4129	0
4130	0
4131	0
4132	0
4133	0
4134	0
4135	0
4136	0
4137	0
4138	0
4139	0
4140	0
4141	0
4142	0
4143	0
4144	0
4145	0
4146	0
4147	0
4148	0
4149	0
4150	0
4151	0
4152	0
4153	0
4154	0
4155	0
4156	0
4157	0
4158	0
4159	0
4160	0
4161	0
4162	0
4163	0
4164	0
4165	0
4166	0
4167	0
4168	1
4169	0
4170	0
4171	0
4172	1
4173	0
4174	0
4175	1
4176	0
4177	0
4178	0
4179	0
4180	0
4181	0
4182	0
4183	0
4184	0
4185	1
4186	0
4187	1
4188	0
4189	1
4190	1
4191	1
4192	1
4193	1
4194	1
4195	0
4196	0
4197	0
4198	0
4199	0
4200	0
4201	0
4202	1
4203	0
4204	0
4205	0
4206	0
4207	1
4208	1
4209	0
4210	0
4211	0
4212	0
4213	1
4214	0
4215	1
4216	0
4217	1
4218	0
4219	1
4220	0
4221	0
4222	0
4223	0
4224	0
4225	0
4226	0
4227	0
4228	0
4229	1
4230	1
4231	1
4232	1
4233	1
4234	1
4235	0
4236	1
4237	1
4238	1
4239	1
4240	1
4241	1
4242	1
4243	1
4244	0
4245	0
4246	0
4247	0
4248	0
4249	0
4250	0
4251	0
4252	0
4253	0
4254	0
4255	0
4257	0
4258	0
4259	0
4260	0
4261	0
4262	0
4263	0
4264	0
4265	0
4266	0
4267	0
4268	0
4269	0
4270	0
4271	0
4272	0
4273	0
4274	0
4275	0
4276	0
4277	0
4278	0
4279	0
4280	0
4281	1
4282	0
4283	0
4284	0
4285	0
4286	0
4287	0
4288	0
4289	0
4290	0
4291	0
4292	0
4293	0
4294	0
4295	0
4296	0
4297	0
4298	0
4299	0
4300	0
4301	0
4302	0
4303	0
4304	0
4305	0
4306	0
4307	0
4308	0
4309	0
4310	0
4311	0
4312	0
4313	0
4314	0
4315	0
4316	0
4317	0
4318	0
4319	0
4320	0
4321	0
4322	0
4323	0
4324	0
4325	0
4326	0
4327	0
4328	0
4329	0
4330	0
4331	0
4332	0
4333	0
4334	0
4335	0
4336	0
4337	0
4338	0
4339	0
4340	0
4341	0
4342	0
4343	0
4344	0
4345	0
4346	0
4347	0
4348	0
4349	0
4350	0
4351	0
4352	1
4353	1
4354	0
4355	1
4356	0
4357	0
4358	0
4359	0
4360	0
4361	0
4362	0
4363	0
4364	0
4365	0
4366	0
4367	0
4368	1
4369	0
4370	0
4371	0
4372	0
4373	1
4374	0
4375	0
4376	0
4377	0
4378	0
4379	0
4380	0
4381	0
4382	0
4383	0
4384	0
4385	1
4386	1
4387	0
4388	0
4389	0
4390	1
4391	1
4392	0
4393	0
4394	0
4395	0
4396	1
4397	1
4398	0
4399	0
4400	0
4401	1
4402	0
4403	0
4404	0
4405	0
4406	0
4407	0
4408	0
4409	0
4410	0
4411	0
4412	0
4413	0
4414	0
4415	0
4416	0
4417	0
4418	0
4419	0
4420	0
4421	0
4422	0
4423	0
4424	0
4425	0
4426	0
4427	0
4428	0
4429	0
4430	0
4431	0
4432	0
4433	0
4434	0
4435	0
4436	0
4437	0
4438	0
4439	0
4440	0
4441	0
4442	0
4443	0
4444	0
4445	0
4446	0
4447	0
4448	0
4449	0
4450	0
4451	0
4452	0
4453	0
4454	0
4455	0
4456	0
4457	0
4458	0
4459	0
4460	0
4461	0
4462	0
4463	1
4464	0
4465	0
4466	0
4467	0
4468	0
4469	0
4470	0
4471	0
4472	0
4473	0
4474	0
4475	0
4476	0
4477	1
4478	0
4479	0
4480	0
4481	0
4482	0
4483	0
4484	0
4485	0
4486	0
4487	0
4488	0
4489	0
4490	0
4491	0
4492	0
4493	0
4494	0
4495	0
4496	0
4497	0
4498	0
4499	0
4500	0
4501	0
4502	0
4503	0
4504	0
4505	0
4506	1
4507	0
4508	0
4509	0
4510	0
4511	0
4512	0
4513	0
4514	0
4515	0
4516	0
4517	1
4518	0
4519	0
4520	0
4521	1
4522	1
4523	0
4524	0
4525	0
4526	0
4527	0
4528	0
4529	0
4530	0
4531	0
4532	1
4533	0
4534	0
4535	1
4536	1
4537	0
4539	1
4540	0
4541	0
4542	0
4543	1
4544	0
4545	0
4546	1
4547	1
4548	1
4549	1
4550	1
4551	1
4552	1
4553	1
4554	0
4555	1
4556	1
4557	1
4558	1
4559	1
4560	0
4561	1
4562	0
4563	0
4564	0
4565	0
4566	1
4567	1
4568	0
4569	0
4570	0
4571	0
4572	0
4573	0
4574	0
4575	0
4576	0
4577	0
4578	0
4579	0
4580	0
4581	1
4582	1
4583	1
4584	1
4585	0
4586	1
4587	1
4588	0
4589	1
4590	1
4591	0
4592	1
4593	0
4594	1
4595	1
4596	0
4597	1
4598	1
4599	1
4600	1
4601	0
4602	0
4603	0
4604	0
4605	0
4606	1
4607	0
4608	1
4609	0
4610	0
4611	0
4612	0
4613	0
4614	0
4615	0
4616	0
4617	0
4618	0
4619	0
4620	0
4621	0
4622	0
4623	0
4624	0
4625	0
4626	0
4627	0
4628	0
4629	0
4630	0
4631	0
4632	0
4633	0
4634	0
4635	0
4636	0
4637	0
4638	0
4639	0
4640	0
4641	0
4642	0
4643	0
4644	0
4645	0
4646	0
4647	0
4648	0
4649	0
4650	0
4651	0
4652	0
4653	0
4654	0
4655	0
4656	0
4657	0
4658	0
4659	0
4660	0
4661	0
4662	0
4663	0
4664	0
4665	0
4666	0
4667	0
4668	0
4669	0
4670	0
4671	0
4672	0
4673	0
4674	0
4675	0
4676	0
4677	0
4678	0
4679	0
4680	0
4681	0
4682	0
4683	0
4684	0
4685	0
4686	0
4687	0
4688	0
4689	0
4690	0
4691	0
4692	0
4693	0
4694	0
4695	0
4696	0
4697	0
4698	0
4699	0
4700	0
4701	0
4702	0
4703	1
4704	0
4705	0
4706	0
4707	0
4708	0
4709	0
4710	0
4711	1
4712	1
4713	0
4714	1
4715	1
4716	1
4717	1
4718	0
4719	0
4720	0
4721	1
4722	0
4723	0
4724	0
4725	0
4726	0
4727	0
4728	0
4729	1
4730	1
4731	1
4732	1
4733	1
4734	0
4735	1
4736	0
4737	0
4738	0
4739	1
4740	1
4741	1
4742	1
4743	1
4744	0
4745	0
4746	0
4747	0
4748	0
4749	1
4750	1
4751	0
4752	1
4753	0
4754	0
4755	0
4756	0
4757	0
4758	0
4759	0
4760	0
4761	0
4762	1
4763	1
4764	0
4765	0
4766	0
4767	0
4768	0
4769	0
4770	0
4771	0
4772	0
4773	0
4774	0
4775	0
4776	0
4777	0
4778	0
4779	0
4780	0
4781	0
4782	0
4783	0
4784	0
4785	0
4786	0
4787	0
4788	0
4789	0
4790	0
4791	0
4792	0
4793	0
4794	0
4795	1
4796	0
4797	0
4798	0
4799	1
4800	0
4801	0
4802	0
4803	0
4804	0
4805	0
4806	0
4807	0
4808	0
4809	0
4810	0
4811	0
4812	0
4813	0
4814	0
4815	0
4816	0
4817	0
4818	0
4819	0
4820	0
4821	0
4822	0
4823	0
4824	0
4825	0
4826	0
4827	0
4828	0
4829	0
4830	0
4831	0
4832	0
4833	0
4834	0
4835	0
4836	0
4837	0
4838	0
4839	0
4840	0
4841	0
4842	0
4843	0
4844	0
4845	0
4846	0
4847	0
4848	0
4849	0
4850	0
4851	0
4852	0
4853	0
4854	0
4855	0
4856	0
4857	0
4858	0
4859	0
4860	0
4861	0
4862	0
4863	0
4864	0
4865	0
4866	0
4867	0
4868	0
4869	0
4870	0
4871	0
4872	0
4873	0
4874	0
4875	0
4876	0
4877	0
4878	0
4879	0
4880	0
4881	0
4882	0
4883	0
4884	0
4885	0
4886	0
4887	0
4888	0
4889	0
4890	0
4891	0
4892	1
4893	0
4894	0
4895	0
4896	0
4897	0
4898	0
4899	0
4900	0
4901	0
4902	0
4903	0
4904	0
4905	0
4906	0
4907	0
4908	0
4909	0
4910	0
4911	0
4912	0
4913	0
4914	0
4915	0
4916	0
4917	0
4918	0
4919	0
4920	0
4921	0
4922	0
4923	0
4924	0
4925	0
4926	0
4927	0
4928	0
4929	0
4930	0
4931	0
4932	0
4933	0
4934	0
4935	0
4936	0
4937	0
4938	0
4939	0
4940	0
4941	0
4942	0
4943	0
4944	0
4945	0
4946	0
4947	0
4948	0
4949	0
4950	0
4951	0
4952	0
4953	0
4954	0
4955	0
4956	0
4957	0
4958	0
4959	0
4960	0
4961	0
4962	0
4963	0
4964	0
4965	0
4966	0
4967	0
4968	0
4969	0
4970	0
4971	0
4972	0
4973	0
4974	0
4975	0
4976	0
4977	0
4978	0
4979	0
4980	0
4981	0
4982	0
4983	0
4984	0
4985	0
4986	0
4987	0
4988	0
4989	0
4990	1
4991	0
4992	1
4993	0
4994	0
4995	0
4996	0
4997	0
4998	1
4999	0
5000	0
5001	0
5002	0
5003	0
5005	1
5006	0
5007	0
5008	0
5009	0
5010	0
5011	0
5012	0
5013	0
5014	0
5015	0
5016	0
5017	0
5018	0
5019	0
5020	0
5021	0
5022	0
5023	0
5024	0
5025	0
5026	0
5027	0
5028	0
5029	0
5030	0
5031	0
5032	0
5033	0
5034	0
5035	1
5036	1
5037	0
5038	0
5039	0
5040	1
5041	1
5042	1
5043	1
5044	0
5045	0
5046	0
5047	1
5048	0
5049	1
5050	1
5051	0
5052	1
5053	0
5054	0
5055	0
5056	1
5057	0
5058	0
5059	0
5060	0
5061	0
5062	1
5063	0
5064	0
5065	0
5066	0
5067	0
5068	0
5069	0
5070	0
5071	0
5072	1
5073	0
5074	1
5075	1
5076	1
5077	1
5078	1
5079	1
5080	1
5081	1
5082	1
5083	1
5084	1
5085	0
5087	1
5088	1
5089	1
5090	0
5091	1
5092	1
5093	1
5094	1
5095	1
5096	1
5097	1
5098	1
5099	1
5100	1
5101	1
5102	1
5103	1
5104	1
5105	1
5106	1
5107	1
5108	0
5109	1
5110	1
5111	0
5112	1
5113	0
5114	1
5115	1
5116	1
5117	1
5118	0
5119	0
5120	1
5121	1
5122	1
5123	0
5124	0
5125	1
5126	0
5127	1
5128	0
5129	1
5130	1
5131	1
5132	1
5133	1
5134	1
5135	1
5136	1
5137	1
5138	1
5141	1
5142	0
5143	0
5144	0
5145	0
5146	0
5147	0
5148	0
5149	0
5150	0
5151	0
5152	0
5153	0
5154	0
5155	1
5156	0
5157	1
5158	0
5159	0
5160	1
5161	0
5162	0
5163	0
5164	0
5165	0
5166	0
5167	0
5168	1
5169	0
5170	0
5171	0
5172	0
5173	0
5174	0
5175	0
5176	0
5177	0
5178	0
5179	0
5180	0
5181	0
5182	0
5183	0
5184	1
5185	0
5186	0
5188	0
5189	0
5190	0
5191	0
5192	0
5193	0
5194	0
5195	0
5196	0
5197	0
5198	0
5199	0
5200	0
5201	0
5202	0
5203	0
5204	0
5205	0
5206	0
5207	0
5208	0
5209	0
5210	0
5211	0
5212	0
5213	0
5214	0
5215	0
5216	0
5217	0
5218	0
5219	0
5220	0
5221	0
5222	0
5223	0
5224	0
5225	0
5226	0
5227	0
5228	0
5229	0
5230	0
5231	0
5232	0
5233	0
5234	0
5235	0
5236	0
5237	0
5238	0
5239	0
5240	0
5241	0
5242	0
5243	0
5244	0
5245	0
5246	0
5247	0
5248	0
5249	0
5250	0
5251	0
5252	1
5253	0
5254	1
5255	0
5256	1
5257	0
5258	0
5259	0
5260	0
5261	0
5262	1
5263	0
5264	1
5265	0
5266	0
5267	0
5268	0
5269	1
5270	0
5271	1
5272	1
5273	1
5274	1
5275	1
5276	1
5277	0
5278	1
5279	1
5280	1
5281	1
5282	0
5283	0
5284	0
5285	1
5286	0
5287	1
5288	0
5289	1
5290	1
5291	1
5292	1
5293	1
5294	1
5295	0
5296	0
5297	0
5298	1
5299	0
5300	1
5301	1
5302	0
5303	1
5304	0
5305	0
5306	1
5307	0
5308	1
5309	1
5310	0
5311	1
5312	1
5313	1
5314	1
5315	1
5316	1
5317	1
5318	0
5319	1
5320	1
5321	1
5322	1
5323	1
5324	1
5325	1
5326	1
5327	0
5328	1
5329	1
5330	1
5331	1
5332	1
5333	1
5334	1
5335	1
5336	1
5337	1
5338	0
5339	0
5340	1
5341	1
5342	0
5343	1
5344	0
5345	1
5346	1
5347	0
5348	1
5349	1
5350	1
5351	1
5353	0
5354	1
5355	1
5356	1
5357	1
5358	0
5359	1
5360	1
5361	0
5362	1
5363	1
5364	0
5365	0
5366	1
5367	0
5368	0
5369	1
5370	0
5371	0
5372	1
5373	0
5374	0
5375	0
5376	0
5377	1
5378	0
5379	0
5380	1
5381	0
5382	1
5383	1
5384	1
5385	1
5386	1
5387	0
5388	1
5389	1
5390	1
5391	0
5392	1
5393	1
5394	1
5395	1
5396	1
5397	1
5398	1
5399	0
5400	0
5401	1
5402	0
5403	1
5404	1
5405	0
5406	0
5407	0
5408	1
5409	1
5410	1
5411	1
5412	1
5413	1
5414	1
5415	1
5416	1
5417	1
5418	1
5419	1
5420	1
5421	1
5422	1
5423	1
5424	1
5425	1
5426	1
5427	1
5428	1
5429	1
5430	1
5431	1
5432	1
5433	1
5434	1
5435	1
5436	1
5437	1
5438	1
5439	1
5440	1
5441	1
5442	1
5443	1
5444	1
5445	1
5446	1
5447	1
5448	1
5449	1
5450	1
5451	0
5452	1
5453	1
5454	1
5455	1
5456	1
5457	1
5458	1
5459	1
5460	0
5461	1
5462	0
5463	1
5464	0
5465	1
5467	1
5468	0
5469	1
5470	1
5471	1
5472	1
5473	1
5474	1
5475	1
5476	1
5477	1
5478	1
5479	1
5480	0
5481	1
5482	1
5484	1
5485	1
5486	1
5487	1
5488	1
5489	1
5490	1
5491	1
5492	1
5493	1
5494	1
5495	0
5496	0
5497	1
5498	1
5499	1
5500	1
5501	1
5502	1
5503	1
5504	1
5505	1
5506	1
5507	1
5508	1
5509	1
5510	0
5511	1
5512	1
5513	1
5514	1
5515	1
5516	1
5517	1
5518	1
5519	1
5520	1
5521	1
5522	1
5523	1
5524	1
5525	1
5526	1
5527	0
5528	1
5529	1
5530	0
5531	1
5532	1
5533	1
5534	0
5535	1
5536	1
5537	1
5538	1
5539	1
5540	1
5541	1
5542	1
5543	1
5544	1
5545	1
5546	1
5547	1
5548	1
5549	1
5550	1
5551	1
5552	1
5553	1
5554	1
5555	1
5556	1
5557	1
5558	1
5559	1
5560	1
5561	0
5562	1
5563	1
5564	1
5565	1
5566	1
5567	1
5568	1
5569	1
5570	1
5571	1
5572	1
5573	1
5574	1
5575	1
5576	1
5577	1
5578	1
5579	1
5580	1
5581	1
5582	1
5583	1
5584	1
5585	1
5586	1
5587	1
5588	1
5589	1
5590	1
5591	1
5592	1
5593	1
5594	1
5595	1
5596	1
5597	1
5598	1
5599	1
5600	1
5601	1
5602	1
5603	1
5604	1
5605	1
5606	0
5607	1
5608	1
5609	1
5610	0
5611	1
5612	1
5613	1
5614	1
5615	0
5616	0
5617	1
5618	1
5619	1
5620	1
5621	1
5622	1
5623	1
5624	1
5625	1
5626	1
5627	1
5629	1
5630	1
5631	1
5632	1
5633	1
5634	1
5635	1
5636	1
5637	1
5638	1
5639	1
5640	1
5641	1
5642	1
5643	1
5644	1
5645	1
5646	1
5647	1
5648	1
5649	1
5650	1
5651	1
5652	1
5653	1
5654	1
5655	1
5656	1
5657	1
5659	1
5660	1
5661	1
5662	1
5663	1
5664	1
5665	1
5666	1
5667	1
5668	1
5669	1
5670	1
5671	1
5672	1
5673	1
5674	1
5675	1
5676	1
5677	1
5678	1
5679	1
5680	1
5681	1
5682	1
5683	1
5684	1
5685	1
5686	0
5687	1
5688	1
5689	1
5690	1
5691	1
5692	1
5693	1
5694	1
5695	1
5696	1
5697	1
5698	1
5699	1
5700	0
5701	0
5702	1
5703	1
5704	1
5705	1
5706	1
5707	1
5708	1
5709	1
5710	1
5711	1
5712	1
5713	1
5714	1
5715	1
5716	1
5717	1
5718	1
5719	1
5720	1
5721	1
5722	1
5723	1
5725	1
5726	1
5727	1
5728	1
5729	1
5730	1
5731	1
5732	1
5733	1
5734	0
5735	1
5736	1
5737	1
5738	1
5739	1
5740	1
5741	1
5742	1
5743	1
5744	1
5745	1
5746	1
5747	1
5748	0
5749	1
5750	1
5751	1
5752	1
5753	0
5754	1
5755	1
5756	1
5757	1
5758	1
5759	1
5760	1
5761	1
5762	1
5763	1
5764	1
5765	1
5766	1
5767	1
5768	1
5769	1
5770	1
5771	1
5772	1
5773	1
5774	1
5775	1
5776	1
5777	1
5778	1
5779	1
5780	1
5781	1
5782	1
5783	1
5784	1
5785	1
5786	1
5787	1
5788	1
5789	1
5790	1
5791	1
5792	1
5793	1
5794	1
5795	1
5796	1
5797	1
5798	1
5799	1
5800	1
5801	1
5802	1
5803	1
5804	1
5805	1
5806	1
5807	1
5808	1
5809	1
5810	1
5811	1
5812	1
5813	1
5814	1
5815	0
5816	0
5817	1
5818	0
5819	1
5820	1
5821	1
5822	1
5823	1
5824	0
5825	1
5826	1
5827	1
5828	0
5829	1
5830	1
5831	1
5832	1
5833	0
5834	1
5835	1
5836	1
5837	0
5838	0
5839	0
5840	1
5841	0
5842	0
5843	0
5844	0
5845	0
5846	0
5847	0
5848	0
5849	0
5850	0
5851	1
5852	1
5853	1
5854	1
5855	1
5856	1
5857	0
5858	1
5859	1
5860	0
5861	1
5862	1
5863	0
5864	0
5865	1
5866	1
5867	1
5868	1
5869	1
5870	1
5871	0
5872	0
5873	0
5874	0
5875	0
5876	1
5877	1
5878	1
5879	0
5880	1
5881	1
5882	1
5883	1
5884	0
5885	1
5886	0
5887	0
5888	0
5889	0
5890	1
5891	1
5892	0
5893	1
5894	1
5895	1
5896	1
5897	0
5898	0
5899	0
5900	0
5901	1
5902	0
5903	1
5904	0
5905	1
5906	1
5907	0
5908	1
5909	1
5910	1
5911	1
5912	0
5913	1
5914	0
5915	0
5916	0
5917	0
5918	0
5919	0
5920	0
5921	0
5922	0
5923	0
5924	1
5925	1
5926	1
5927	0
5928	1
5929	0
5930	0
5931	0
5932	0
5933	1
5934	1
5935	1
5937	1
5938	1
5939	1
5940	0
5941	0
5942	1
5943	1
5944	1
5945	0
5946	1
5947	0
5948	0
5949	1
5950	0
5951	0
5952	0
5953	0
5954	0
5955	0
5956	1
5957	0
5958	0
5959	1
5960	0
5961	0
5962	0
5963	0
5964	0
5965	1
5966	1
5967	1
5968	1
5969	1
5970	1
5971	1
5972	1
5973	1
5974	1
5975	1
5976	1
5977	1
5978	1
5979	1
5980	1
5981	1
5982	0
5983	0
5984	1
5985	1
5986	1
5987	1
5988	0
5989	1
5990	0
5991	1
5992	1
5993	0
5994	1
5995	0
5996	1
5997	0
5998	0
5999	0
6000	0
6001	0
6002	0
6003	0
6004	0
6005	1
6006	1
6007	1
6008	1
6009	0
6010	1
6011	1
6012	1
6013	1
6014	0
6015	1
6016	1
6017	1
6018	0
6019	1
6020	0
6021	1
6022	0
6023	0
6024	0
6025	1
6026	1
6027	1
6028	1
6029	1
6030	1
6031	1
6032	1
6033	0
6034	0
6035	0
6036	0
6037	0
6038	0
6039	0
6040	0
6041	0
6042	0
6043	0
6044	0
6045	1
6046	1
6047	1
6048	0
6049	0
6050	0
6051	1
6052	1
6053	0
6054	0
6055	0
6056	0
6057	0
6058	0
6059	0
6060	0
6061	0
6062	0
6063	0
6064	1
6065	0
6066	0
6067	1
6068	1
6069	0
6070	0
6071	1
6072	0
6073	1
6074	0
6075	0
6076	0
6077	1
6078	0
6079	1
6080	1
6081	0
6082	1
6083	0
6084	0
6085	1
6086	1
6087	1
6088	0
6089	0
6090	1
6091	0
6092	0
6093	0
6095	0
6096	0
6097	0
6098	0
6099	1
6100	0
6101	1
6102	1
6103	1
6104	1
6105	0
6106	0
6107	0
6108	0
6109	1
6110	1
6111	0
6112	1
6113	1
6114	1
6115	0
6116	0
6117	0
6118	1
6119	1
6120	0
6121	1
6122	1
6123	1
6124	1
6125	1
6126	1
6127	1
6128	1
6129	1
6130	1
6131	1
6132	1
6133	1
6134	1
6135	1
6136	1
6137	1
6138	1
6139	1
6140	1
6141	1
6142	1
6143	1
6144	1
6145	0
6146	1
6147	1
6148	1
6149	1
6150	0
6151	1
6152	1
6153	1
6154	0
6155	0
6156	0
6157	0
6158	0
6159	0
6160	0
6161	0
6162	1
6163	0
6164	0
6165	0
6166	0
6167	0
6168	1
6169	0
6170	0
6171	0
6172	0
6173	1
6174	1
6178	0
6179	0
6180	0
6181	0
6182	0
6183	0
6184	0
6185	0
6186	0
6187	0
6188	0
6189	0
6190	0
6191	0
6192	0
6193	0
6194	0
6195	1
6196	0
6197	0
6198	0
6199	0
6200	0
6201	1
6203	0
6204	0
6205	0
6206	0
6207	0
6208	0
6209	0
6210	0
6211	0
6212	0
6213	0
6214	0
6215	0
6218	0
6219	0
6220	0
6221	0
6222	0
6223	1
6224	1
6225	1
6226	0
6227	1
6228	0
6229	0
6230	0
6231	0
6232	0
6233	0
6234	0
6235	0
6236	0
6237	0
6238	0
6239	0
6240	0
6241	0
6242	0
6243	0
6244	0
6245	0
6246	0
6247	0
6248	1
6249	0
6250	0
6251	0
6252	0
6253	0
6254	0
6255	0
6256	0
6257	1
6258	0
6259	1
6260	0
6261	0
6262	0
6263	0
6264	0
6265	0
6266	1
6267	0
6268	1
6269	0
6270	0
6271	0
6272	1
6273	0
6274	0
6275	0
6276	0
6277	1
6278	1
6279	0
6280	0
6281	0
6282	1
6283	0
6284	1
6285	1
6286	0
6287	0
6288	0
6289	1
6290	1
6291	0
6292	0
6293	0
6294	1
6295	0
6296	1
6297	0
6298	1
6299	0
6300	0
6301	1
6302	1
6303	1
6304	1
6305	1
6306	1
6307	1
6308	1
6309	1
6310	1
6311	1
6312	1
6313	1
6314	0
6315	0
6316	1
6317	1
6318	1
6319	0
6320	0
6321	0
6322	1
6323	1
6324	0
6325	0
6326	0
6327	0
6328	0
6329	0
6330	0
6331	0
6332	0
6333	0
6334	0
6335	0
6336	0
6337	0
6338	0
6339	0
6340	1
6341	1
6342	1
6343	1
6344	0
6345	0
6346	1
6347	0
6348	0
6349	1
6350	1
6351	1
6352	0
6353	0
6354	0
6355	1
6356	1
6357	1
6358	1
6359	1
6360	1
6361	1
6362	1
6363	1
6364	0
6365	0
6366	0
6367	0
6368	0
6369	0
6370	1
6371	0
6372	0
6373	0
6374	0
6375	0
6376	0
6377	0
6378	0
6379	0
6380	0
6381	0
6382	0
6383	1
6384	0
6385	0
6386	0
6387	0
6388	0
6389	0
6390	0
6391	0
6392	0
6393	0
6394	0
6395	0
6396	0
6397	0
6398	0
6399	0
6400	0
6401	0
6402	0
6403	0
6404	0
6405	0
6406	0
6407	0
6408	0
6409	0
6410	0
6411	0
6412	0
6413	0
6414	0
6415	0
6416	0
6417	0
6418	0
6419	0
6420	0
6421	0
6422	0
6423	1
6425	0
6426	0
6427	0
6428	0
6429	0
6430	0
6431	0
6432	0
6433	0
6434	0
6435	0
6436	0
6437	0
6438	0
6439	0
6440	0
6441	0
6442	0
6443	0
6444	1
6445	0
6446	0
6447	0
6448	0
6449	0
6450	0
6451	0
6452	0
6453	0
6454	0
6455	1
6456	0
6457	0
6458	0
6459	1
6460	1
6461	1
6462	0
6463	0
6464	0
6465	0
6466	0
6468	0
6469	0
6470	1
6471	1
6472	1
6473	1
6474	1
6475	1
6476	1
6477	0
6478	0
6479	0
6480	0
6481	1
6482	0
6483	0
6484	0
6485	0
6486	0
6487	0
6488	0
6489	0
6490	1
6491	1
6492	0
6493	0
6494	0
6495	0
6496	1
6497	1
6498	0
6499	0
6500	0
6501	1
6502	1
6503	1
6504	0
6505	0
6506	0
6507	0
6508	0
6509	0
6510	0
6511	0
6512	0
6513	1
6514	1
6515	0
6516	0
6517	1
6518	1
6519	0
6520	0
6521	0
6522	0
6523	0
6524	0
6525	0
6526	0
6527	0
6528	0
6529	0
6530	0
6531	0
6532	0
6533	0
6534	0
6535	0
6536	0
6537	0
6538	0
6539	0
6540	0
6541	0
6542	0
6543	0
6544	0
6545	0
6546	0
6547	0
6548	0
6549	0
6550	0
6551	0
6552	0
6553	0
6554	0
6555	1
6556	0
6557	0
6558	0
6559	0
6560	0
6561	0
6562	0
6563	0
6564	0
6565	0
6567	0
6568	0
6569	0
6570	0
6571	0
6572	0
6573	0
6574	0
6575	0
6576	0
6577	0
6578	0
6579	0
6580	0
6581	0
6582	0
6583	0
6584	0
6585	0
6586	0
6587	0
6588	0
6589	0
6590	0
6591	0
6592	0
6593	0
6594	0
6595	0
6596	0
6597	0
6598	0
6599	0
6600	0
6601	0
6602	0
6603	0
6604	0
6605	0
6606	0
6607	0
6608	0
6609	0
6610	0
6611	0
6612	0
6613	0
6614	0
6615	0
6616	0
6617	0
6618	0
6619	0
6620	0
6621	0
6622	0
6623	0
6624	0
6625	0
6626	0
6627	0
6628	0
6629	0
6630	0
6631	0
6632	0
6633	0
6634	0
6635	0
6636	0
6637	0
6638	0
6639	0
6640	0
6641	0
6642	0
6643	0
6644	0
6645	0
6646	0
6647	0
6648	0
6649	0
6650	1
6651	0
6652	0
6653	1
6654	0
6655	0
6656	0
6657	0
6658	0
6659	0
6660	0
6661	0
6662	0
6663	0
6664	0
6665	0
6666	0
6667	0
6668	0
6669	0
6670	0
6671	0
6672	0
6673	0
6674	0
6675	0
6676	0
6677	1
6678	0
6679	0
6680	0
6681	0
6682	0
6683	0
6684	0
6685	0
6686	0
6687	0
6688	1
6689	0
6690	0
6691	0
6692	0
6693	0
6694	0
6695	0
6696	1
6697	0
6698	0
6699	0
6700	0
6701	0
6702	0
6703	1
6704	0
6705	0
6706	0
6707	0
6708	1
6709	1
6710	1
6711	1
6712	0
6713	0
6714	1
6715	0
6716	0
6717	0
6718	1
6719	1
6720	0
6721	0
6722	0
6723	0
6724	0
6725	0
6726	0
6727	1
6728	1
6729	1
6730	1
6731	1
6732	1
6733	1
6734	1
6735	0
6736	0
6737	1
6738	0
6739	0
6740	1
6741	0
6742	1
6743	1
6744	1
6745	1
6746	0
6747	1
6748	1
6749	1
6750	1
6751	1
6752	1
6753	1
6754	0
6755	1
6756	1
6757	1
6758	0
6759	0
6760	0
6761	0
6762	0
6763	0
6764	0
6765	0
6766	0
6767	1
6768	0
6769	1
6770	0
6771	0
6772	0
6773	0
6774	0
6775	1
6776	1
6777	0
6778	1
6779	0
6780	0
6781	0
6782	0
6783	0
6784	1
6785	0
6786	1
6787	0
6788	1
6789	1
6790	1
6791	1
6792	1
6793	1
6794	0
6795	1
6796	1
6797	1
6798	0
6799	1
6800	1
6801	1
6802	1
6803	0
6804	0
6805	0
6806	1
6807	0
6808	1
6809	1
6810	0
6811	1
6812	0
6813	1
6814	1
6815	1
6816	0
6817	1
6818	0
6819	0
6820	0
6821	1
6822	0
6823	0
6824	1
6825	1
6826	1
6827	1
6828	1
6829	1
6830	1
6831	1
6832	0
6833	0
6834	1
6835	1
6836	1
6837	1
6838	0
6839	0
6840	0
6841	0
6842	0
6843	0
6844	0
6845	0
6846	0
6847	1
6848	1
6849	1
6851	0
6852	0
6853	0
6854	0
6855	0
6856	0
6857	1
6858	0
6859	1
6860	0
6861	0
6862	0
6863	0
6864	0
6865	0
6866	1
6867	1
6868	1
6869	1
6870	0
6871	0
6872	0
6873	0
6874	0
6875	0
6876	0
6877	0
6878	0
6879	0
6880	0
6881	0
6882	0
6883	0
6884	0
6885	0
6886	0
6887	0
6888	0
6889	0
6890	0
6891	0
6892	0
6893	0
6894	0
6895	0
6896	0
6897	0
6898	0
6899	0
6900	0
6901	0
6902	0
6903	0
6904	0
6905	0
6906	0
6907	0
6908	0
6909	0
6910	0
6911	0
6912	1
6913	0
6914	0
6915	0
6916	0
6917	0
6918	1
6919	1
6920	0
6921	1
6922	0
6923	1
6924	0
6925	0
6926	1
6927	0
6928	0
6929	0
6930	0
6931	0
6932	1
6933	0
6934	0
6935	0
6936	0
6937	0
6938	0
6939	0
6940	0
6941	0
6942	0
6943	0
6944	0
6945	0
6946	0
6947	0
6948	0
6949	0
6950	0
6951	0
6952	0
6953	0
6954	0
6955	0
6956	0
6957	0
6958	0
6959	0
6960	0
6961	0
6962	0
6963	0
6964	1
6965	0
6966	0
6967	0
6968	0
6969	0
6970	0
6971	1
6972	0
6973	0
6974	0
6975	0
6976	0
6977	0
6978	0
6979	0
6980	0
6981	1
6982	1
6983	0
6984	0
6985	1
6986	0
6987	0
6988	0
6989	0
6990	0
6992	1
6993	0
6994	1
6995	0
6996	0
6997	0
6998	1
6999	0
7000	1
7001	1
7002	0
7003	0
7004	0
7005	0
7006	0
7007	0
7008	0
7009	0
7010	0
7011	0
7012	0
7013	0
7014	0
7015	0
7016	0
7017	0
7018	0
7019	0
7020	0
7021	0
7022	0
7023	0
7024	1
7025	0
7026	1
7027	1
7028	1
7029	0
7030	1
7031	1
7032	1
7033	1
7034	1
7035	0
7036	1
7037	1
7038	1
7039	0
7040	1
7041	0
7042	1
7043	1
7044	0
7045	1
7046	1
7047	1
7048	1
7049	1
7050	1
7051	1
7052	1
7053	1
7054	1
7055	0
7056	0
7057	1
7058	1
7059	0
7060	1
7061	0
7062	1
7063	1
7064	1
7065	1
7066	0
7067	0
7068	0
7069	0
7070	0
7071	0
7072	0
7073	0
7074	0
7075	0
7076	1
7077	1
7078	0
7079	0
7080	0
7081	0
7082	0
7083	1
7084	1
7085	0
7086	0
7087	1
7088	1
7089	1
7090	1
7091	1
7092	0
7093	0
7094	0
7095	0
7096	0
7097	0
7098	0
7099	0
7100	0
7101	0
7102	0
7103	0
7104	0
7105	1
7106	1
7107	1
7108	1
7109	1
7110	1
7111	1
7112	1
7113	1
7114	1
7115	1
7116	1
7117	1
7118	1
7119	1
7120	1
7121	0
7122	0
7123	1
7124	1
7125	1
7127	1
7128	1
7129	0
7130	0
7131	1
7132	1
7134	1
7135	1
7136	1
7137	1
7138	1
7139	1
7140	1
7141	1
7142	0
7143	1
7144	1
7145	0
7146	1
7147	0
7148	0
7149	0
7150	1
7151	1
7152	1
7153	1
7154	1
7155	1
7156	1
7157	1
7158	1
7159	1
7160	1
7161	1
7162	1
7163	1
7164	1
7165	1
7166	1
7167	1
7168	1
7169	0
7170	1
7171	0
7172	1
7173	1
7174	1
7175	1
7176	1
7177	1
7178	0
7179	1
7180	0
7181	1
7182	1
7183	0
7184	1
7185	1
7186	1
7187	0
7188	1
7189	1
7190	1
7191	1
7192	1
7193	1
7194	1
7195	1
7196	1
7197	1
7198	1
7199	0
7200	1
7201	0
7202	0
7203	1
7204	0
7205	0
7206	0
7207	0
7208	0
7209	0
7210	1
7211	0
7212	1
7213	0
7214	1
7215	1
7216	0
7217	1
7218	1
7219	1
7221	0
7222	1
7223	0
7224	0
7225	0
7226	0
7227	1
7228	1
7229	0
7230	0
7232	1
7233	0
7234	0
7235	1
7236	0
7237	0
7238	0
7239	0
7240	0
7241	0
7242	0
7243	0
7244	0
7245	0
7246	0
7247	0
7248	0
7249	0
7250	1
7251	1
7252	1
7253	0
7254	0
7255	0
7256	0
7257	0
7258	0
7259	0
7260	0
7261	0
7262	1
7263	1
7264	0
7265	0
7266	0
7267	0
7268	0
7269	0
7270	0
7271	0
7272	0
7273	0
7274	0
7275	1
7276	0
7277	1
7278	0
7279	1
7280	0
7281	0
7282	0
7283	0
7284	0
7285	1
7286	0
7287	0
7288	0
7289	1
7290	0
7291	1
7292	0
7293	0
7295	0
7296	0
7297	0
7298	0
7299	0
7300	0
7301	0
7302	0
7303	0
7304	1
7305	0
7306	1
7307	0
7308	1
7309	1
7310	1
7311	0
7312	0
7313	1
7314	1
7315	1
7316	1
7317	0
7318	0
7319	0
7320	0
7321	1
7322	1
7323	0
7324	1
7325	0
7326	0
7327	0
7328	0
7329	0
7330	1
7331	0
7332	0
7333	0
7334	0
7335	0
7336	0
7337	0
7338	0
7339	1
7340	1
7341	1
7342	0
7343	0
7344	0
7345	0
7346	1
7347	0
7349	0
7350	0
7351	1
7352	1
7353	1
7354	1
7355	1
7356	1
7357	1
7358	1
7359	0
7360	0
7361	0
7362	0
7363	1
7364	1
7365	0
7366	0
7367	0
7368	0
7369	0
7370	0
7371	0
7372	0
7373	1
7374	1
7375	0
7376	0
7377	0
7378	0
7379	1
7380	0
7381	1
7382	0
7383	0
7384	0
7385	1
7386	1
7387	0
7388	0
7389	0
7390	0
7391	0
7392	0
7393	0
7394	0
7395	0
7396	1
7397	1
7398	0
7399	0
7400	1
7401	1
7402	0
7403	0
7404	0
7405	0
7406	0
7407	0
7408	0
7409	0
7410	0
7411	0
7412	0
7413	0
7414	0
7415	0
7416	0
7417	0
7418	0
7419	0
7420	0
7421	0
7422	0
7423	0
7424	0
7425	0
7426	0
7427	0
7428	0
7429	0
7430	0
7431	0
7432	0
7433	0
7434	0
7435	0
7436	0
7437	0
7438	1
7439	0
7440	0
7441	0
7442	0
7443	0
7444	0
7445	0
7446	0
7447	0
7448	0
7450	0
7451	0
7452	0
7453	0
7454	0
7455	0
7456	0
7457	0
7458	0
7459	0
7460	0
7461	0
7462	0
7463	0
7464	0
7465	0
7466	0
7467	0
7468	0
7469	0
7470	0
7471	0
7472	0
7473	0
7474	0
7475	0
7476	0
7477	0
7478	0
7479	0
7480	0
7481	0
7482	0
7483	0
7484	0
7485	0
7486	0
7487	0
7488	0
7489	0
7490	0
7491	0
7492	0
7493	0
7494	0
7495	0
7496	0
7497	0
7498	0
7499	0
7500	0
7501	0
7502	0
7503	0
7504	0
7505	0
7506	0
7507	0
7508	0
7509	0
7510	0
7511	0
7512	0
7513	0
7514	0
7515	0
7516	0
7517	0
7518	0
7519	0
7520	0
7521	0
7522	0
7523	0
7524	0
7525	0
7526	0
7527	0
7528	0
7529	0
7530	0
7531	0
7532	0
7533	0
7534	1
7535	1
7536	0
7537	0
7538	0
7539	0
7540	0
7541	0
7542	0
7543	0
7544	0
7545	0
7546	0
7547	0
7548	0
7549	0
7550	0
7551	0
7552	0
7553	0
7554	0
7555	0
7556	0
7557	0
7558	0
7559	1
7560	0
7561	0
7562	0
7563	0
7564	0
7565	0
7566	0
7567	0
7568	0
7569	1
7570	0
7571	0
7572	0
7573	0
7574	0
7575	0
7576	0
7577	1
7578	0
7579	0
7580	0
7581	0
7582	0
7583	0
7584	0
7585	1
7586	0
7587	0
7588	0
7589	0
7590	1
7591	1
7592	1
7593	1
7594	0
7595	0
7596	1
7597	0
7598	0
7599	0
7600	1
7601	0
7602	0
7603	1
7604	1
7605	1
7606	0
7607	1
7608	1
7609	1
7611	1
7612	0
7613	0
7614	1
7615	1
7616	0
7617	1
7618	1
7619	0
7620	1
7621	0
7622	0
7623	1
7624	0
7625	1
7626	1
7627	1
7628	1
7629	1
7630	1
7631	0
7632	1
7633	1
7634	1
7635	0
