3
10
18
27
34
35
39
40
41
47
50
53
55
58
59
62
63
68
71
75
79
81
82
83
84
86
87
88
89
90
91
92
93
96
117
119
122
125
140
144
154
158
159
163
178
181
186
215
221
224
225
226
244
248
255
257
258
260
261
262
263
267
271
272
293
301
319
323
344
345
347
348
350
351
352
353
354
384
408
414
427
432
440
445
452
453
454
455
459
460
470
489
490
491
494
508
511
530
531
535
538
541
562
564
565
571
579
588
589
604
607
608
641
653
687
691
704
708
718
722
743
748
768
771
774
775
776
777
780
784
785
786
815
832
841
842
844
854
855
856
858
867
868
869
870
871
872
873
887
889
890
891
892
893
894
897
898
899
900
901
902
904
906
907
908
909
912
913
914
915
916
917
918
919
922
923
924
925
927
928
930
931
932
933
934
936
937
939
940
941
942
944
945
946
947
948
949
950
951
952
953
954
955
956
957
958
959
960
961
962
963
964
965
966
967
968
969
970
971
972
973
974
975
976
977
978
979
980
981
982
983
985
986
987
989
991
993
994
995
997
998
999
1000
1001
1002
1003
1004
1006
1007
1008
1010
1011
1055
1129
1130
1131
1132
1133
1134
1141
1142
1146
1154
1156
1158
1165
1166
1182
1184
1185
1188
1194
1206
1207
1209
1213
1219
1225
1235
1259
1278
1279
1286
1293
1294
1296
1314
1334
1337
1359
1360
1361
1362
1363
1375
1381
1388
1410
1418
1419
1438
1472
1474
1476
1484
1492
1494
1495
1497
1499
1532
1534
1548
1554
1560
1561
1562
1564
1569
1571
1576
1577
1578
1584
1585
1587
1589
1591
1593
1594
1614
1616
1619
1623
1624
1626
1628
1629
1630
1632
1641
1642
1644
1645
1647
1651
1657
1659
1660
1675
1676
1677
1678
1679
1680
1681
1683
1686
1689
1690
1692
1693
1696
1697
1698
1699
1701
1702
1703
1704
1706
1707
1709
1710
1711
1712
1713
1714
1715
1719
1720
1725
1726
1749
1750
1752
1753
1754
1755
1757
1759
1760
1761
1762
1763
1765
1766
1769
1770
1771
1772
1773
1774
1775
1776
1778
1779
1780
1782
1783
1784
1785
1786
1787
1788
1789
1790
1791
1792
1793
1795
1796
1797
1798
1799
1800
1801
1802
1803
1804
1805
1806
1807
1809
1810
1811
1812
1813
1814
1815
1816
1817
1818
1819
1820
1821
1822
1823
1824
1825
1826
1827
1828
1829
1830
1831
1832
1833
1834
1835
1836
1837
1838
1839
1840
1841
1842
1843
1844
1845
1846
1847
1848
1849
1850
1851
1852
1853
1854
1855
1856
1857
1858
1859
1860
1863
1864
1866
1867
1869
1870
1871
1874
1875
1876
1877
1878
1879
1880
1881
1885
1886
1887
1888
1889
1890
1891
1892
1893
1894
1895
1896
1897
1898
1899
1900
1901
1902
1903
1904
1905
1906
1907
1908
1909
1910
1911
1912
1913
1914
1915
1916
1917
1918
1919
1920
1921
1922
1923
1924
1926
1927
1928
1929
1931
1932
1933
1934
1935
1937
1938
1939
1940
1942
1943
1944
1945
1947
1948
1949
1950
1951
1952
1953
1954
1955
1957
1959
1960
1961
1962
1963
1964
1965
1967
1968
1969
1970
1972
1973
1978
1979
1992
2019
2028
2031
2033
2039
2042
2046
2047
2054
2055
2060
2062
2063
2066
2077
2078
2079
2087
2088
2123
2195
2213
2229
2238
2251
2259
2264
2266
2267
2269
2270
2271
2276
2279
2291
2292
2296
2297
2300
2306
2308
2313
2321
2326
2331
2335
2337
2339
2341
2343
2344
2345
2347
2349
2350
2351
2363
2368
2374
2376
2377
2378
2379
2380
2382
2388
2389
2395
2402
2403
2404
2405
2406
2407
2409
2410
2414
2423
2427
2431
2432
2438
2441
2474
2483
2493
2498
2510
2516
2521
2528
2531
2553
2556
2583
2590
2600
2615
2636
2641
2642
2656
2666
2698
2733
2736
2756
2762
2763
2765
2766
2767
2768
2771
2778
2779
2783
2787
2790
2792
2793
2805
2806
2807
2811
2812
2813
2814
2815
2816
2824
2825
2826
2830
2831
2832
2833
2835
2836
2837
2839
2840
2842
2843
2844
2845
2846
2848
2852
2853
2856
2858
2860
2861
2862
2872
2873
2885
2890
2894
2896
2898
2899
2900
2901
2903
2909
2910
2916
2923
2924
2925
2926
2927
2928
2930
2931
2936
2945
2952
2953
2960
2961
2963
2964
2965
2966
2968
2970
2971
2972
2973
2974
2976
2977
2980
2981
2982
2983
2984
2985
2986
2987
2989
2990
2991
2993
2994
2995
2996
2997
2998
2999
3000
3001
3002
3003
3004
3006
3007
3008
3009
3010
3011
3012
3013
3014
3015
3016
3017
3018
3020
3021
3022
3023
3024
3025
3026
3027
3028
3029
3030
3031
3032
3033
3034
3035
3036
3037
3038
3039
3040
3041
3042
3043
3044
3045
3046
3047
3048
3049
3050
3051
3052
3053
3054
3055
3056
3057
3058
3059
3060
3061
3062
3063
3064
3065
3066
3067
3068
3069
3070
3071
3074
3075
3077
3078
3080
3081
3082
3085
3086
3087
3088
3089
3090
3091
3092
3096
3097
3098
3099
3100
3101
3102
3103
3104
3105
3106
3107
3108
3109
3110
3111
3112
3113
3114
3115
3116
3117
3118
3119
3120
3121
3122
3123
3124
3125
3126
3127
3128
3129
3130
3131
3132
3133
3134
3135
3137
3138
3139
3140
3142
3143
3144
3145
3146
3148
3149
3150
3151
3153
3154
3155
3156
3158
3159
3160
3161
3162
3163
3164
3165
3166
3168
3170
3171
3172
3173
3174
3175
3176
3178
3179
3180
3181
3183
3184
3189
3190
3202
3205
3206
3216
3236
3238
3239
3241
3242
3243
3244
3248
3252
3253
3272
3302
3306
3319
3321
3322
3323
3324
3325
3326
3327
3328
3331
3332
3333
3334
3336
3337
3338
3340
3341
3342
3345
3346
3347
3348
3349
3350
3351
3353
3355
3356
3357
3358
3359
3361
3362
3364
3365
3366
3367
3368
3370
3371
3373
3374
3376
3378
3379
3380
3381
3382
3383
3384
3385
3386
3387
3388
3389
3390
3391
3392
3393
3394
3395
3396
3397
3398
3399
3400
3401
3402
3403
3404
3405
3406
3407
3408
3409
3410
3411
3412
3413
3415
3416
3417
3418
3419
3421
3423
3425
3426
3427
3429
3430
3431
3432
3433
3434
3435
3436
3438
3439
3441
3442
3461
3463
3466
3469
3483
3487
3497
3501
3502
3506
3522
3525
3529
3575
3576
3593
3594
3629
