14
26
33
34
35
36
39
43
44
53
57
65
66
73
74
85
91
105
107
109
128
133
136
141
144
145
156
161
162
169
181
204
206
209
212
216
217
222
229
232
234
242
250
266
270
271
275
280
285
287
294
302
308
316
319
323
324
330
345
368
370
371
378
385
415
416
419
420
421
422
423
426
428
429
431
432
434
435
437
438
440
441
442
443
444
449
453
454
456
457
458
459
460
462
465
467
468
469
470
473
474
477
478
481
482
483
484
485
488
489
490
493
494
496
497
498
499
500
501
502
503
505
507
509
510
514
515
516
518
519
520
528
529
530
532
534
535
542
544
547
552
553
554
555
558
559
567
571
573
575
576
578
581
582
583
584
585
586
589
590
591
592
593
594
595
598
599
608
614
622
623
625
635
637
638
643
644
645
652
653
661
672
673
674
675
676
677
679
681
686
687
690
697
700
701
702
704
705
707
710
716
718
720
728
729
732
734
737
740
741
743
744
747
753
754
761
764
765
766
767
771
790
797
807
808
809
810
812
813
817
823
824
827
838
843
851
852
853
857
860
861
866
867
868
873
876
885
887
888
889
892
896
913
927
928
929
933
934
936
938
943
945
953
967
969
977
989
991
1005
1008
1026
1064
1066
1067
1075
1076
1085
1090
1091
1094
1096
1100
1101
1102
1115
1118
1136
1137
1138
1139
1140
1141
1147
1160
1164
1167
1174
1178
1201
1202
1208
1215
1220
1227
1230
1243
1244
1247
1249
1250
1251
1252
1259
1261
1264
1266
1267
1269
1270
1271
1279
1281
1284
1286
1288
1289
1290
1291
1292
1293
1294
1301
1305
1306
1307
1309
1312
1313
1314
1316
1318
1321
1323
1324
1326
1327
1330
1331
1333
1345
1349
1350
1354
1355
1369
1372
1373
1377
1378
1380
1381
1383
1384
1385
1390
1392
1394
1400
1407
1409
1410
1416
1418
1422
1423
1428
1437
1443
1445
1454
1455
1459
1465
1471
1472
1473
1475
1482
1489
1491
1496
1497
1498
1507
1510
1513
1520
1530
1537
1538
1556
1562
1568
1569
1573
1584
1591
1597
1598
1606
1608
1612
1619
1621
1631
1653
1660
1662
1664
1665
1666
1668
1675
1683
1689
1698
1701
1703
1718
1719
1749
1750
1758
1764
1807
1811
1831
1833
1875
1876
1878
1883
1913
1914
1915
1916
1918
1919
1920
1921
1924
1926
1928
1929
1930
1931
1935
1936
1938
1939
1941
1942
1944
1946
1947
1950
1952
1954
1962
1963
1964
1965
1966
1967
1968
1969
1970
1976
1977
1980
1983
1986
1988
1989
1990
1993
1994
1995
1996
1997
1998
1999
2001
2004
2005
2007
2008
2010
2012
2017
2018
2020
2026
2032
2035
2037
2038
2041
2042
2045
2046
2047
2049
2051
2053
2054
2055
2057
2058
2060
2061
2064
2071
2072
2073
2074
2076
2078
2079
2081
2082
2083
2085
2089
2092
2093
2094
2095
2098
2103
2104
2105
2106
2109
2117
2119
2121
2122
2123
2124
2125
2129
2130
2131
2132
2135
2136
2140
2141
2142
2144
2145
2146
2148
2149
2150
2152
2155
2156
2157
2158
2159
2160
2165
2166
2174
2175
2177
2178
2180
2181
2184
2185
2186
2188
2192
2194
2195
2196
2199
2200
2202
2203
2204
2205
2206
2207
2209
2210
2211
2212
2213
2214
2215
2216
2217
2218
2219
2222
2224
2225
2226
2227
2232
2235
2238
2239
2240
2241
2244
2259
2260
2264
2278
2279
2296
2297
2308
2314
2337
2343
2359
2377
2385
2394
2397
2412
2430
2453
2488
2504
2506
2512
2526
2535
2536
2537
2539
2541
2542
2543
2544
2545
2546
2547
2548
2549
2550
2551
2554
2556
2557
2558
2560
2561
2567
2572
2573
2574
2575
2576
2577
2580
2581
2582
2584
2587
2588
2589
2590
2591
2592
2593
2594
2595
2597
2598
2599
2601
2602
2604
2614
2615
2616
2617
2619
2620
2621
2622
2625
2626
2627
2628
2630
2631
2632
2633
2634
2636
2658
2671
2686
2694
2720
2726
2728
2751
2753
2754
2755
2764
2766
2772
2782
2792
2801
2822
2824
2825
2828
2829
2834
2837
2840
2843
2850
2853
2863
2867
2871
2882
2885
2887
2890
2893
2894
2898
2899
2900
2901
2902
2903
2905
2908
2917
2919
2925
2926
2928
2929
2931
2932
2933
2935
2936
2937
2944
2945
2948
2949
2951
2954
2956
2959
2960
2967
2969
2974
2975
2977
2983
2993
2995
2996
2998
2999
3000
3001
3002
3004
3005
3015
3024
3033
3036
3037
3049
3051
3052
3056
3057
3058
3135
3136
3141
3164
3173
3180
3187
3188
3206
3208
3214
3217
3223
3236
3239
3242
3245
3249
3262
3266
3270
3272
3282
3284
3285
3288
3291
3303
3306
3342
3344
3350
3359
3360
3367
3373
3383
3406
3407
3409
3412
3415
3422
3427
3460
3467
3491
3492
3497
3506
3515
3526
3532
3534
3535
3536
3537
3538
3540
3557
3559
3564
3565
3567
3569
3570
3571
3572
3574
3576
3583
3593
3595
3598
3603
3605
3606
3610
3614
3615
3616
3617
3618
3619
3620
3621
3622
3624
3627
3628
3632
3634
3635
3637
3638
3640
3646
3647
3648
3650
3651
3653
3654
3659
3663
3665
3669
3674
3676
3677
3678
3679
3684
3686
3687
3689
3690
3692
3706
3715
3722
3729
3733
3738
3739
3740
3743
3760
3763
3764
3769
3776
3778
3782
3790
3800
3801
3804
3854
3855
4027
4065
4218
4224
4335
4448
4567
4587
4794
4795
4899
4915
4946
4992
4997
5005
5051
5075
5076
5077
5084
5133
5167
5199
5223
5276
5333
5364
5404
5481
5694
5695
5696
5701
5706
5708
5711
5712
5715
5716
5717
5718
5719
5720
5723
5725
5726
5728
5730
5731
5732
5734
5736
5738
5740
5741
5743
5744
5746
5748
5749
5750
5751
5752
5759
5764
5765
5769
5771
5772
5774
5778
5779
5780
5781
5784
5785
5786
5787
5789
5790
5791
5792
5793
5796
5797
5798
5799
5801
5802
5803
5804
5806
5807
5809
5814
5815
5817
5822
5823
5828
5833
5836
5837
5838
5841
5848
5862
5863
5873
5877
5878
5883
5887
5891
5896
5908
5909
5911
5914
5923
5924
5926
5929
5934
5959
5962
5964
5966
5967
5970
5973
5980
5993
5994
5995
5996
5997
5999
6000
6001
6003
6004
6008
6016
6017
6018
6019
6020
6023
6024
6027
6036
6038
6041
6042
6043
6045
6047
6048
6050
6052
6053
6056
6057
6058
6061
6062
6063
6064
6065
6066
6072
6073
6076
6077
6078
6080
6081
6082
6084
6085
6086
6087
6089
6091
6092
6093
6094
6095
6096
6097
6098
6100
6101
6102
6104
6108
6109
6110
6111
6112
6116
6118
6119
6123
6124
6125
6128
6130
6131
6133
6134
6137
6139
6140
6141
6144
6145
6146
6147
6149
6153
6157
6161
6163
6165
6183
6185
6188
6189
6191
6195
6196
6197
6199
6200
6202
6204
6205
6206
6207
6209
6210
6212
6213
6214
6215
6218
6222
6223
6224
6227
6229
6232
6235
6236
6237
6241
6242
6244
6246
6248
6249
6250
6251
6252
6258
6263
6265
6266
6267
6269
6270
6271
6272
6275
6279
6280
6284
6285
6286
6287
6288
6289
6294
6299
6300
6301
6302
6303
6304
6305
6312
6320
6323
6324
6334
6335
6336
6337
6340
6342
6343
6344
6347
6348
6351
6353
6354
6356
6357
6358
6360
6361
6362
6363
6364
6365
6366
6368
6371
6372
6373
6376
6377
6379
6380
6385
6394
6395
6397
6399
6401
6402
6405
6407
6411
6412
6413
6414
6415
6418
6419
6420
6423
6424
6425
6428
6429
6433
6434
6435
6436
6440
6441
6442
6443
6444
6445
6448
6449
6451
6452
6453
6454
6455
6456
6457
6458
6459
6460
6465
6466
6467
6468
6473
6475
6476
6478
6480
6481
6482
6483
6486
6487
6488
6489
6490
6491
6493
6494
6497
6498
6499
6500
6501
6502
6507
6508
6509
6510
6512
6513
6517
6518
6519
6520
6522
6523
6525
6529
6531
6532
6533
6534
6535
6536
6537
6539
6542
6543
6544
6545
6547
6548
6549
6551
6552
6554
6557
6559
6562
6566
6567
6568
6570
6571
6573
6575
6582
6584
6585
6586
6587
6589
6590
6591
6592
6593
6594
6595
6596
6597
6598
6600
6601
6602
6603
6605
6608
6611
6612
6613
6614
6615
6616
6620
6621
6622
6625
6626
6627
6628
6629
6631
6632
6633
6634
6635
6636
6637
6638
6639
6640
6641
6643
6644
6647
6648
6649
6650
6652
6653
6655
6656
6658
6659
6660
6661
6662
6663
6664
6665
6669
6670
6672
6676
6680
6681
6682
6683
6688
6689
6690
6691
6697
6702
6703
6704
6705
6706
6707
6708
6710
6711
6712
6713
6714
6715
6716
6717
6719
6720
6721
6722
6723
6724
6731
6732
6733
6739
6740
6744
6745
6746
6748
6757
6759
6761
6765
6769
6771
6777
6783
6784
6791
6793
6794
6795
6801
6802
6814
6815
6816
6825
6830
6834
6836
6839
6841
6843
6846
6847
6850
6851
6854
6858
6886
6888
6889
6890
6892
6893
6894
6895
6896
6897
6900
6902
6904
6905
6908
6909
6910
6912
6913
6914
6915
6916
6917
6918
6919
6920
6921
6923
6924
6925
6927
6929
6930
6931
6933
6937
6939
6942
6943
6944
6945
6947
6951
6953
6954
6955
6956
6957
6959
6960
6961
6962
6963
6964
6968
6969
6972
6973
6974
6975
6977
6978
6979
6983
6988
6990
6993
6994
6996
7001
7003
7005
7008
7010
7011
7012
7018
7021
7022
7023
7024
7025
7026
7027
7029
7030
7032
7033
7034
7035
7036
7037
7038
7039
7040
7047
7049
7055
7058
7059
7061
7063
7064
7066
7070
7072
7079
7081
7083
7085
7086
7087
7089
7090
7091
7092
7093
7096
7106
7107
7108
7110
7114
7115
7118
7120
7123
7124
7129
7130
7131
7132
7133
7140
7141
7142
7143
7144
7145
7146
7147
7148
7152
7153
7159
7160
7161
7162
7163
7164
7166
7167
7169
7170
7172
7173
7174
7175
7176
7181
7182
7183
7184
7185
7186
7187
7188
7192
7193
7196
7197
7199
7215
7221
7226
7233
7239
7240
7241
7249
7268
7285
7289
7298
7307
7309
7314
7315
7319
7320
7325
7330
7332
7336
7337
7339
7348
7351
7361
7365
7395
7423
7439
7441
7480
7481
7483
7486
7488
7490
7491
7494
7496
7497
7498
7503
7504
7505
7506
7507
7509
7531
7532
7533
7534
7535
7536
7537
7540
7541
7546
7547
7548
7549
7551
7552
7554
7555
7556
7557
7558
7559
7561
7564
7565
7568
7571
7577
7581
7582
7585
7598
7599
7604
7609
7619
7623
7624
7626
7629
7633
7640
7641
7642
7648
7656
7665
7670
7676
7692
7700
7701
7702
7704
7705
7708
7710
7711
7712
7723
7725
7728
7733
7735
7737
7738
7739
7741
7742
7743
7744
7746
7750
7751
7753
7754
7756
7757
7759
7760
7761
7762
7765
7766
7768
7775
7779
7780
7783
7785
7788
7793
7794
7795
7797
7798
7803
7804
7806
7810
7811
7813
7816
7818
7819
7820
7822
7829
7830
7831
7835
7837
7838
7842
7843
7844
7845
7847
7849
7850
7851
7852
7855
7856
7857
7859
7860
7862
7864
7865
7866
7869
7870
7872
7874
7875
7877
7878
7879
7882
7883
7885
7886
7889
7890
7893
7895
7896
7897
7898
7899
7907
7969
7970
7971
7972
7973
7976
7979
7980
7983
7984
7985
7987
7990
7992
7993
7996
8000
8001
8002
8004
8005
8006
8007
8008
8010
8017
8018
8021
8022
8023
8025
8026
8028
8029
8030
8034
8037
8038
8040
8042
8043
8044
8046
8047
8052
8053
8054
8055
8056
8057
8058
8060
8061
8062
8065
8071
8072
8073
8074
8076
8078
8080
8082
8083
8087
8088
8089
8090
8091
8092
8093
8094
8095
8098
8099
8103
8104
8105
8106
8110
8112
8116
8117
8123
8124
8125
8127
8128
8130
8131
8133
8135
8136
8137
8140
8141
8142
8145
8146
8147
8148
8149
8151
8152
8153
8156
8158
8159
8160
8161
8162
8164
8167
8169
8172
8173
8176
8177
8181
8182
8183
8184
8186
8187
8193
8194
8195
8197
8198
8199
8200
8202
8204
8205
8206
8207
8208
8209
8211
8213
8216
8217
8218
8219
8220
8221
8223
8224
8225
8226
8227
8228
8231
8232
8234
8235
8236
8237
8238
8239
8240
8242
8244
8245
8247
8248
8249
8252
8253
8255
8256
8268
8269
8270
8271
8273
8274
8275
8276
8277
8280
8281
8284
8285
8287
8292
8294
8301
8304
8307
8308
8309
8314
8316
8321
8327
8338
8343
8346
8348
8349
8352
8355
8356
8368
8369
8370
8372
8373
8375
8376
8377
8378
8379
8380
8383
8386
8387
8391
8392
8393
8394
8397
8398
8399
8400
8401
8402
8403
8406
8409
8410
8412
8413
8415
8416
8417
8418
8419
8420
8422
8424
8425
8426
8427
8429
8430
8433
8434
8438
8440
8448
8449
8450
8451
8452
8455
8456
8457
8458
8460
8462
8467
8468
8470
8472
8478
8480
8481
8484
8488
8493
8494
8495
8496
8497
8499
8502
8503
8504
8505
8507
8508
8509
8510
8513
8514
8517
8518
8519
8521
8523
8524
8532
8536
8537
8541
8542
8544
8548
8551
8553
8554
8555
8556
8558
8559
8560
8561
8563
8564
8565
8569
8572
8573
8574
8575
8576
8578
8584
8585
8586
8587
8588
8589
8590
8591
8593
8596
8597
8598
8599
8600
8601
8604
8606
8607
8608
8611
8612
8613
8614
8616
8617
8618
8624
8625
8626
8627
8628
8629
8630
8632
8633
8635
8636
8638
8640
8641
8642
8643
8644
8648
8650
8652
8653
8654
8655
8656
8657
8658
8662
8663
8666
8667
8669
8670
8673
8680
8682
8683
8684
8685
8687
8688
8689
8690
8691
8693
8694
8695
8696
8697
8698
8699
8700
8701
8708
8712
8716
8717
8718
8719
8720
8721
8723
8725
8726
8728
8729
8730
8731
8734
8735
8736
8738
8739
8740
8742
8745
8746
8749
8751
8756
8759
8760
8761
8762
8763
8766
8767
8768
8769
8771
8773
8774
8775
8777
8778
8782
8783
8784
8785
8786
8787
8788
8789
8793
8794
8795
8798
8799
8803
8804
8805
8806
8807
8808
8811
8813
8816
8817
8824
8825
8827
8828
8829
8830
8831
8832
8833
8834
8835
8836
8838
8842
8849
8850
8851
8852
8853
8854
8856
8857
8858
8859
8860
8861
8862
8864
8867
8871
8872
8875
8880
8881
8882
8889
8890
8891
8893
8898
8899
8900
8907
8908
8930
8931
8935
8936
8943
8952
8959
8960
8963
8966
8968
8970
8972
8973
8975
8977
8979
8983
8985
8986
8987
8993
8996
9003
9006
9007
9023
9024
9027
9052
9058
9060
9080
9083
9108
9113
9114
9142
9144
9145
9147
9148
9156
9157
9161
9163
9171
9177
9182
9188
9189
9191
9199
9202
9211
9216
9222
9224
9225
9226
9233
9248
9262
9266
9274
9276
9288
9298
9299
9300
9302
9303
9305
9306
9307
9309
9310
9311
9313
9315
9319
9320
9321
9322
9323
9324
9325
9327
9329
9330
9332
9333
9335
9341
9345
9348
9350
9352
9357
9358
9363
9364
9367
9384
9386
9387
9388
9390
9397
9398
9399
9407
9410
9414
9415
9417
9418
9419
9420
9422
9425
9427
9432
9436
9437
9441
9445
9446
9452
9455
9456
9459
9460
9461
9462
9464
9468
9469
9470
9479
9485
9486
9487
9488
9493
9499
9500
9505
9506
9511
9512
9514
9515
9518
9523
9525
9526
9527
9530
9531
9532
9533
9534
9538
9540
9552
9557
9559
9561
9562
9563
9565
9566
9568
9569
9571
9573
9574
9575
9576
9577
9579
9580
9581
9583
9584
9586
9593
9601
9604
9606
9608
9610
9613
9620
9623
9624
9625
9631
9632
9633
9634
9637
9638
9644
9645
9646
9647
9650
9651
9654
9655
9661
9662
9663
9665
9666
9667
9668
9671
9677
9678
9679
9681
9682
9684
9687
9688
9689
9691
9692
9695
9699
9700
9703
9704
9707
9708
9709
9710
9712
9713
9714
9716
9719
9721
9723
9725
9726
9729
9730
9737
9754
9763
9768
9769
9775
9785
9803
9806
9814
9816
9839
9847
9849
9850
9851
9853
9857
9859
9870
9873
9877
9879
9880
9881
9882
9884
9885
9886
9897
9899
9901
9906
9907
9909
9918
9920
9921
9922
9926
9927
9939
9941
9942
9946
9947
9948
10025
10039
10041
10050
10062
10064
10078
10081
10099
10138
10140
10141
10147
10150
10151
10160
10165
10166
10169
10171
10175
10176
10177
10184
10190
10193
10211
10212
10214
10215
10216
10221
10235
10238
10239
10243
10250
10254
10277
10278
10284
10291
10292
10297
10303
10306
10319
10320
10321
10368
10377
10392
10408
10430
10434
10445
10446
10447
10452
10456
10459
10460
10461
10464
10472
10473
10475
10486
10508
10517
10524
10531
10532
10550
10552
10558
10561
10568
10581
10584
10587
10590
10594
10605
10609
10613
10615
10625
10627
10630
10633
10646
10649
10650
10684
10686
10688
10694
10703
10704
10711
10717
10730
10743
10749
10750
10752
10755
10757
10764
10769
10795
10800
10809
10834
10835
10840
10850
10860
10871
10874
10876
10881
10885
10886
10890
10894
10895
10902
10905
10906
10909
10910
10911
10912
10914
10918
10919
10920
10928
10931
10934
10935
10936
10941
10947
10948
10953
10954
10959
10960
10962
10963
10967
10972
10974
10975
10976
10979
10980
10981
10982
10983
10987
10989
11001
11006
11008
11010
11011
11012
11014
11015
11017
11018
11020
11022
11023
11024
11025
11026
11028
11029
11030
11032
11033
11035
11042
11050
11053
11055
11062
11064
11065
11067
11068
11069
11073
11075
11076
11077
11079
11080
11081
11082
11084
11085
11087
11089
11090
11092
11093
11094
11095
11098
11099
11103
11104
11105
11106
11108
11111
11112
11118
11119
11120
11121
11122
11123
11124
11125
11127
11128
11130
11131
11138
11139
11150
11164
11168
11181
11182
11184
11187
11192
11193
11203
11204
11205
11206
11208
11211
11212
11218
11220
11225
11230
11231
11232
11235
11236
11239
11241
11242
11243
11245
11246
11248
11249
11250
11253
11254
11255
11256
11261
11262
11264
11265
11266
11276
11278
11296
11297
11298
11299
11300
11304
11305
11306
11312
11314
11318
11321
11325
11326
11327
11329
11333
11334
11336
11337
11341
11346
11347
11348
11349
11350
11354
11358
11360
11361
11362
11365
11366
11367
11368
11369
11370
11371
11373
11376
11377
11379
11380
11382
11384
11389
11390
11392
11396
11399
11405
11408
11410
11411
11414
11415
11418
11419
11420
11422
11424
11426
11427
11428
11430
11431
11433
11434
11437
11444
11445
11446
11447
11449
11451
11452
11454
11455
11456
11461
11464
11465
11466
11467
11470
11475
11476
11477
11478
11479
11482
11490
11493
11494
11495
11496
11497
11501
11502
11503
11504
11507
11508
11512
11513
11514
11516
11517
11518
11520
11521
11522
11524
11527
11528
11529
11530
11531
11532
11533
11534
11538
11539
11547
11548
11550
11551
11553
11554
11556
11557
11558
11560
11564
11566
11567
11568
11571
11573
11574
11575
11576
11577
11578
11579
11581
11582
11583
11584
11585
11586
11587
11588
11589
11592
11594
11595
11596
11597
11599
11601
11604
11607
11608
11609
11610
11613
11617
