0
8
20
22
70
109
110
119
124
147
159
161
163
167
168
169
170
171
173
174
175
176
177
179
181
184
191
192
193
194
195
196
197
198
200
201
203
204
205
206
208
209
210
211
212
213
214
215
216
217
218
219
220
222
224
225
226
228
308
345
380
390
421
436
447
449
477
482
561
569
572
582
586
604
644
651
655
663
673
674
676
680
684
688
689
690
691
692
698
715
716
720
724
725
726
727
730
731
732
733
734
735
736
741
742
743
749
750
752
762
765
771
776
779
802
803
806
810
821
841
843
855
874
875
877
929
941
973
978
983
984
986
990
991
993
994
995
996
997
998
999
1004
1006
1008
1010
1011
1034
1036
1042
1053
1059
1061
1062
1078
1087
1098
1103
1118
1121
1217
1230
1231
1232
1233
1238
1240
1241
1242
1243
1244
1245
1246
1247
1254
1263
1264
1300
1301
1302
1303
1318
1321
1323
1325
1326
1327
1336
1338
1339
1340
1341
1342
1343
1344
1350
1353
1355
1356
1357
1360
1362
1363
1364
1369
1370
1371
1374
1375
1379
1380
1382
1384
1386
1389
1390
1391
1392
1393
1394
1395
1396
1397
1398
1400
1402
1406
1408
1410
1412
1413
1414
1415
1416
1419
1420
1421
1422
1423
1424
1426
1427
1428
1430
1431
1434
1436
1438
1443
1444
1445
1446
1447
1449
1450
1451
1452
1453
1455
1456
1457
1458
1459
1460
1462
1466
1469
1470
1471
1477
1478
1479
1483
1484
1485
1486
1487
1489
1491
1494
1495
1496
1497
1499
1501
1504
1505
1507
1511
1513
1514
1515
1516
1517
1518
1520
1521
1522
1523
1525
1526
1527
1528
1529
1532
1539
1540
1541
1542
1545
1546
1547
1551
1562
1565
1580
1583
1594
1596
1597
1605
1606
1608
1632
1635
1652
1657
1671
1773
1774
1775
1794
1795
1797
1800
1803
1804
1812
1815
1822
1827
1833
1834
1837
1838
1839
1841
1842
1843
1844
1847
1849
1851
1855
1856
1857
1859
1861
1862
1864
1868
1879
1885
1887
1889
1893
1894
1895
1896
1897
1898
1913
1916
1917
1918
1920
1929
1930
1931
1933
1935
1951
1961
1964
1965
1966
1967
1968
1969
1970
1975
1976
1977
1978
1979
1986
1988
1990
2001
2014
2016
2041
2097
2106
2119
2157
2159
2201
2372
2419
2421
2430
2432
2435
2438
2446
2447
2448
2460
2474
2493
2494
2539
2545
2546
2583
2588
2591
2596
2597
2598
2613
2673
2702
2738
2742
2762
2785
2817
2824
2827
2878
2908
2909
2914
2915
2916
2917
2918
2979
2998
3000
3010
3017
3043
3055
3056
3059
3077
3085
3087
3088
3089
3090
3091
3103
3106
3111
3116
3117
3135
3136
3138
3140
3143
3149
3150
3155
3199
3207
3211
3212
3213
3214
3215
3216
3236
3302
3337
3348
3350
3351
3352
3353
3354
3358
3375
3381
3382
3393
3394
3396
3397
3398
3401
3402
3403
3404
3405
3407
3411
3412
3417
3418
3426
3430
3433
3436
3437
3443
3445
3446
3447
3450
3458
3461
3462
3463
3464
3469
3471
3474
3477
3483
3489
3527
3542
3543
3554
3557
3558
3560
3599
3600
3601
3602
3603
3618
3622
3623
3624
3625
3626
3627
3628
3629
3630
3631
3632
3660
3661
3662
3663
3668
3669
3671
3674
3689
3700
3701
3704
3706
3713
3719
3725
3755
3759
3761
3783
3785
3797
3803
3804
3805
3808
3828
3830
3832
3835
3838
3841
3846
3847
3848
3849
3850
3851
3853
3854
3856
3859
3861
3864
3865
3866
3867
3869
3873
3874
3875
3876
3877
3878
3879
3881
3883
3889
3891
3894
3896
3899
3900
3905
3907
3912
3913
3914
3915
3916
3917
3918
3921
3922
3924
3925
3926
3927
3928
3929
3930
3932
3934
3935
3936
3937
3938
3939
3940
3941
3943
3944
3945
3947
3948
3949
3950
3953
3955
3956
3957
3958
3959
3960
3962
3965
3966
3967
3968
3969
3970
3971
3972
3973
3975
3979
3982
3983
3996
3997
3998
3999
4015
4120
4124
4172
4175
4192
4213
4215
4231
4233
4234
4243
4352
4355
4401
4463
4506
4536
4589
4600
4606
4703
4749
4795
4799
4892
4990
4992
4998
5005
5050
5052
5088
5112
5115
5138
5184
5256
5269
5273
5276
5279
5280
5281
5290
5291
5298
5301
5306
5308
5315
5316
5317
5319
5321
5325
5326
5335
5337
5340
5341
5343
5350
5354
5366
5372
5383
5386
5393
5450
5452
5455
5457
5458
5469
5472
5473
5474
5475
5478
5481
5494
5500
5501
5502
5503
5506
5520
5528
5529
5532
5535
5536
5540
5543
5544
5549
5559
5564
5565
5566
5568
5571
5573
5574
5575
5576
5578
5579
5580
5582
5584
5585
5589
5590
5601
5602
5603
5604
5605
5607
5608
5609
5611
5612
5613
5617
5619
5620
5621
5622
5624
5627
5629
5630
5631
5636
5637
5638
5639
5640
5641
5642
5643
5645
5647
5654
5655
5656
5660
5661
5662
5664
5665
5671
5672
5674
5675
5677
5679
5682
5683
5684
5685
5687
5688
5689
5690
5691
5692
5705
5711
5716
5717
5722
5723
5726
5729
5742
5743
5745
5747
5749
5757
5758
5762
5767
5773
5784
5789
5795
5804
5825
5835
5836
5861
5862
5876
5880
5894
5895
5906
5909
5910
5913
5926
5934
5942
5944
5946
5956
5965
5966
5967
5968
5969
5970
5971
5972
5973
5976
5978
5984
5985
5987
5991
5994
5996
6006
6007
6011
6015
6032
6067
6068
6071
6082
6085
6086
6087
6090
6099
6102
6104
6110
6114
6118
6121
6124
6130
6139
6140
6146
6147
6148
6149
6162
6173
6195
6201
6223
6224
6225
6227
6248
6257
6259
6266
6268
6272
6277
6282
6290
6294
6296
6298
6301
6306
6308
6312
6316
6318
6343
6370
6383
6444
6513
6517
6518
6555
6677
6688
6718
6719
6727
6737
6744
6755
6789
6801
6802
6817
6834
6835
6836
6867
6869
6964
6985
6992
6994
6998
7000
7001
7034
7043
7045
7048
7050
7051
7053
7054
7057
7060
7062
7063
7065
7076
7077
7084
7088
7089
7106
7109
7110
7111
7113
7119
7123
7124
7125
7127
7144
7154
7157
7158
7159
7160
7161
7162
7163
7164
7165
7166
7167
7172
7173
7174
7175
7176
7181
7182
7184
7186
7203
7214
7227
7232
7235
7251
7252
7263
7275
7277
7289
7304
7308
7309
7310
7316
7322
7324
7330
7396
7400
7401
7438
7534
7559
7569
7603
7607
7611
7614
7623
7630
