15
16
17
18
19
20
56
83
91
92
93
94
96
99
107
122
132
133
136
138
142
146
147
150
151
156
186
211
229
230
234
247
252
265
266
298
305
306
311
324
326
331
332
342
344
347
349
350
351
352
354
367
372
379
404
405
436
451
456
482
483
501
502
503
514
517
522
550
555
556
558
562
565
579
596
605
609
612
619
620
632
634
635
641
645
650
654
657
662
663
671
694
706
718
785
788
817
873
880
894
898
948
949
951
976
978
981
1004
1007
1010
1011
1012
1013
1018
1019
1022
1023
1030
1034
1036
1040
1042
1048
1049
1054
1066
1067
1068
1070
1072
1073
1085
1090
1106
1107
1112
1114
1115
1117
1118
1119
1121
1148
1160
1163
1164
1165
1166
1174
1179
1185
1193
1221
1264
1265
1266
1272
1314
1318
1341
1342
1367
1369
1372
1374
1375
1384
1397
1399
1411
1413
1415
1446
1460
1508
1509
1510
1517
1518
1520
1521
1524
1525
1527
1531
1532
1536
1540
1565
1571
1584
1586
1590
1615
1616
1646
1672
1675
1703
1782
1783
1802
1844
1845
1849
