0
1
20
28
32
36
43
78
94
106
202
204
205
206
211
212
214
242
243
269
273
275
276
277
304
305
308
309
311
312
315
318
321
322
325
326
327
328
329
332
334
336
340
341
342
343
356
359
360
363
364
365
366
367
368
370
371
373
374
375
376
378
379
380
381
382
385
390
392
393
394
399
406
415
418
420
422
424
426
433
434
436
438
442
446
448
449
450
451
456
458
461
464
465
466
467
468
469
472
475
478
479
481
486
487
492
493
539
575
622
626
629
630
663
665
681
689
693
694
716
720
721
757
758
759
760
765
766
767
773
791
838
839
840
852
859
862
865
866
878
880
881
882
883
903
905
911
921
929
935
938
943
984
988
1012
1013
1014
1015
1016
1017
1018
1019
1020
1021
1092
1093
1094
1095
1096
1097
1098
1099
1100
1101
1102
1103
1104
1105
1106
1107
1108
1109
1110
1111
1112
1113
1114
1115
1116
1117
1118
1119
1120
1121
1122
1123
1124
1125
1127
1128
1137
1148
1149
1150
1151
1152
1153
1155
1157
1161
1162
1163
1164
1216
1217
1223
1229
1231
1234
1239
1245
1256
1258
1260
1261
1262
1263
1264
1267
1268
1269
1270
1271
1272
1273
1274
1275
1282
1283
1290
1292
1298
1300
1301
1303
1307
1308
1309
1310
1323
1324
1325
1326
1327
1328
1336
1338
1340
1341
1342
1351
1356
1357
1373
1377
1384
1386
1387
1390
1391
1392
1395
1396
1398
1399
1400
1401
1412
1413
1414
1415
1416
1417
1420
1421
1424
1426
1427
1428
1429
1432
1436
1437
1440
1441
1442
1443
1445
1446
1448
1449
1450
1451
1452
1453
1459
1461
1463
1464
1466
1471
1473
1477
1481
1489
1490
1491
1522
1524
1527
1533
1537
1539
1540
1563
1570
1572
1573
1574
1575
1592
1597
1598
1605
1606
1607
1608
1609
1610
1611
1612
1613
1615
1617
1618
1621
1622
1633
1637
1638
1640
1648
1650
1653
1661
1662
1665
1666
1670
1682
1684
1685
1688
1705
1721
1723
1724
1727
1728
1729
1733
1734
1735
1736
1737
1738
1739
1740
1741
1742
1743
1744
1746
1747
1748
1781
1794
1868
1946
1956
1958
1974
1977
1980
1981
1982
1983
1996
2035
2036
2041
2043
2044
2056
2057
2068
2069
2074
2080
2081
2097
2098
2110
2115
2116
2117
2118
2119
2121
2124
2125
2133
2143
2144
2145
2146
2147
2148
2149
2150
2151
2152
2156
2157
2166
2168
2171
2173
2175
2177
2182
2198
2200
2201
2203
2204
2205
2206
2207
2208
2221
2222
2227
2235
2236
2252
2253
2261
2262
2263
2265
2268
2272
2273
2274
2275
2277
2278
2280
2294
2295
2298
2301
2303
2304
2305
2311
2316
2318
2319
2320
2322
2323
2324
2325
2328
2329
2333
2334
2336
2340
2342
2348
2353
2355
2357
2358
2359
2360
2361
2362
2364
2370
2371
2372
2373
2375
2391
2392
2411
2412
2413
2415
2421
2422
2425
2435
2436
2437
2446
2447
2448
2451
2455
2456
2458
2459
2460
2465
2466
2467
2468
2470
2471
2476
2477
2478
2485
2487
2494
2499
2500
2506
2509
2512
2514
2519
2520
2522
2524
2525
2526
2529
2530
2533
2534
2545
2546
2549
2555
2562
2565
2566
2567
2568
2570
2572
2573
2575
2576
2577
2578
2579
2581
2582
2584
2585
2586
2587
2588
2589
2591
2593
2594
2601
2602
2603
2604
2605
2607
2609
2610
2612
2613
2614
2616
2620
2621
2622
2623
2624
2625
2626
2627
2628
2637
2644
2645
2646
2651
2655
2659
2665
2671
2680
2681
2685
2704
2718
2723
2724
2725
2726
2727
2728
2730
2731
2735
2737
2739
2740
2742
2743
2744
2745
2746
2747
2748
2750
2752
2753
2754
2755
2757
2758
2773
2775
2777
2780
2781
2782
2785
2794
2795
2798
2799
2803
2817
2818
2819
2820
2821
2823
2838
2854
2857
2859
2864
2865
2866
2869
2870
2871
2875
2877
2879
2880
2881
2882
2883
2884
2886
2892
2893
2895
2897
2912
2913
2932
2933
2934
2935
2937
2943
2944
2947
2956
2957
2958
2959
2992
3005
3079
3157
3167
3169
3185
3188
3191
3192
3193
3194
3195
3223
3226
3250
3254
3256
3257
3258
3284
3285
3286
3288
3291
3292
3294
3295
3298
3301
3304
3305
3308
3309
3310
3311
3312
3313
3314
3315
3335
3339
3344
3354
3363
3369
3372
3375
3377
3414
3420
3443
3444
3445
3446
3450
3545
3547
3549
3554
3555
3556
3557
3560
3561
3562
3563
3564
3566
3569
3570
3571
3572
3573
3574
3577
3578
3581
3583
3584
3585
3586
3589
3591
3592
3596
3597
3598
3599
3601
3602
3604
3605
3606
3607
3612
3613
3614
3616
3617
3619
3620
3621
3623
3624
3628
