3
10
18
39
47
53
55
58
59
62
68
71
75
79
81
91
92
93
117
119
122
125
140
154
158
159
178
186
215
244
248
255
257
258
260
261
262
263
264
267
293
319
344
345
348
350
352
353
354
384
408
414
427
432
440
445
452
453
454
455
459
460
508
511
530
531
535
538
541
562
564
565
571
579
588
589
604
607
608
687
691
704
708
718
722
723
743
748
768
771
780
784
815
842
844
854
855
856
858
867
868
869
870
871
873
887
889
890
891
892
893
894
897
898
899
900
901
902
906
907
908
909
912
913
914
915
917
918
919
924
927
928
930
931
932
933
934
937
940
941
942
944
945
946
947
948
949
951
953
956
957
958
959
960
961
963
964
965
966
967
971
972
973
974
975
976
979
982
983
985
986
987
989
991
993
994
995
997
998
1000
1001
1002
1003
1004
1007
1008
1010
1011
1129
1130
1131
1141
1142
1225
1235
1286
1293
1294
1296
1315
1316
1317
1318
1334
1337
1359
1388
1418
1419
1422
1423
1438
1472
1476
1562
1564
1571
1576
1577
1578
1584
1585
1587
1589
1591
1593
1594
1614
1616
1619
1623
1624
1628
1629
1630
1631
1632
1634
1635
1636
1641
1642
1644
1647
1651
1657
1667
1668
1675
1676
1677
1678
1679
1680
1681
1683
1686
1689
1692
1693
1698
1699
1701
1702
1703
1704
1706
1707
1709
1711
1712
1713
1714
1715
1719
1749
1750
1752
1753
1755
1757
1759
1761
1762
1763
1764
1765
1766
1769
1770
1771
1772
1773
1774
1778
1779
1782
1783
1784
1788
1789
1791
1793
1795
1796
1797
1798
1801
1804
1805
1806
1810
1811
1812
1813
1814
1815
1816
1817
1818
1819
1820
1821
1822
1823
1824
1825
1826
1827
1828
1829
1830
1831
1832
1833
1834
1835
1836
1837
1838
1839
1840
1841
1842
1843
1844
1845
1848
1850
1853
1859
1863
1864
1866
1869
1871
1874
1875
1876
1877
1878
1879
1881
1885
1886
1887
1888
1890
1891
1892
1893
1894
1895
1896
1897
1898
1899
1900
1901
1902
1903
1904
1906
1907
1908
1909
1913
1914
1915
1916
1917
1918
1919
1920
1922
1924
1926
1928
1929
1931
1932
1933
1934
1935
1938
1939
1940
1942
1943
1945
1947
1948
1949
1950
1951
1952
1953
1954
1955
1959
1960
1961
1963
1964
1965
1967
1968
1969
1970
1972
1992
2042
2046
2047
2054
2055
2060
2062
2063
2064
2066
2077
2078
2079
2087
2088
2123
2134
2135
2136
2137
2138
2139
2140
2141
2142
2160
2165
2195
2229
2238
2251
2264
2266
2267
2269
2270
2271
2276
2279
2282
2283
2284
2285
2286
2287
2288
2289
2290
2291
2292
2293
2297
2300
2308
2309
2313
2315
2321
2331
2349
2350
2351
2363
2368
2374
2376
2377
2378
2380
2388
2395
2402
2403
2404
2407
2410
2414
2427
2431
2432
2441
2457
2483
2490
2521
2528
2531
2583
2590
2600
2606
2608
2615
2617
2618
2642
2656
2662
2666
2667
2669
2670
2672
2673
2674
2675
2676
2677
2678
2679
2682
2683
2686
2688
2689
2690
2691
2692
2693
2694
2695
2696
2697
2698
2699
2700
2701
2702
2703
2705
2706
2707
2708
2709
2710
2711
2712
2713
2714
2715
2716
2717
2722
2729
2732
2733
2734
2736
2738
2751
2756
2765
2766
2767
2771
2778
2779
2783
2787
2790
2800
2801
2805
2806
2807
2811
2812
2813
2814
2815
2816
2824
2825
2832
2833
2835
2836
2837
2839
2840
2842
2843
2845
2846
2848
2852
2856
2858
2862
2872
2873
2885
2890
2894
2896
2898
2899
2901
2909
2916
2923
2924
2925
2928
2931
2936
2952
2953
2960
2961
2963
2964
2966
2968
2970
2972
2973
2974
2975
2976
2977
2980
2981
2982
2983
2984
2985
2989
2990
2993
2994
2995
2999
3000
3002
3004
3006
3007
3008
3009
3012
3015
3016
3017
3021
3022
3023
3024
3025
3026
3027
3028
3029
3030
3031
3032
3033
3034
3035
3036
3037
3038
3039
3040
3041
3042
3043
3044
3045
3046
3047
3048
3049
3050
3051
3052
3053
3054
3055
3056
3059
3061
3064
3070
3074
3075
3077
3080
3082
3085
3086
3087
3088
3089
3090
3092
3096
3097
3098
3099
3101
3102
3103
3104
3105
3106
3107
3108
3109
3110
3111
3112
3113
3114
3115
3117
3118
3119
3120
3124
3125
3126
3127
3128
3129
3130
3131
3133
3135
3137
3139
3140
3142
3143
3144
3145
3146
3149
3150
3151
3153
3154
3156
3158
3159
3160
3161
3162
3163
3164
3165
3166
3170
3171
3172
3174
3175
3176
3178
3179
3180
3181
3183
3216
3236
3238
3239
3241
3242
3243
3244
3245
3248
3272
3302
3319
3321
3322
3323
3324
3325
3326
3327
3328
3331
3332
3333
3334
3337
3338
3340
3341
3342
3345
3346
3347
3348
3350
3351
3353
3357
3361
3362
3364
3365
3366
3367
3368
3371
3374
3376
3378
3380
3382
3384
3387
3388
3389
3390
3391
3392
3394
3395
3396
3397
3398
3402
3403
3404
3405
3406
3409
3412
3413
3415
3416
3417
3418
3419
3421
3423
3425
3426
3427
3429
3430
3431
3433
3434
3435
3436
3439
3441
3442
3461
3463
3466
3469
3483
3497
3501
3502
3522
3529
3575
3576
3579
3580
3593
3594
3629
