4
10
11
12
13
14
16
18
21
22
27
28
31
33
34
35
82
83
140
152
194
215
223
289
348
459
480
543
554
556
557
558
559
573
578
582
583
585
589
590
592
593
594
595
596
597
598
600
603
605
608
609
623
655
664
672
673
683
695
793
802
839
858
859
860
873
877
890
891
897
898
903
905
909
910
911
915
916
917
920
921
924
925
927
940
942
943
944
945
946
950
951
955
956
957
962
965
973
981
983
984
985
994
996
1012
1018
1021
1037
1039
1043
1048
1074
1079
1095
1100
1108
1113
1114
1116
1117
1119
1120
1132
1133
1134
1141
1144
1145
1146
1150
1169
1178
1181
1191
1192
1200
1202
1206
1210
1219
1220
1221
1320
1351
1357
1389
1394
1400
1405
1408
1427
1428
1429
1430
1435
1436
1437
1439
1450
1454
1461
1462
1464
1466
1467
1468
1469
1471
1474
1476
1480
1482
1486
1490
1491
1508
1510
1511
1514
1515
1532
1552
1555
1561
1567
1568
1612
1656
1659
1686
1697
1706
1805
1810
1815
1817
1818
1820
1824
1826
1829
1830
1831
1835
1848
1849
1850
1851
1852
1853
1854
1857
1859
1860
1863
1865
1868
1871
1874
1881
1882
1886
1888
1889
1890
1891
1893
1894
1895
1898
1902
1910
1928
1929
1940
1941
1942
1943
1947
1948
1949
1997
2005
2009
2010
2021
2027
2036
2040
2044
2045
2046
2051
2076
2078
2081
2084
2091
2095
2096
2101
2113
2114
2115
2116
2117
2119
2120
2124
2125
2129
2132
2161
2191
2226
2261
2263
2290
2302
2322
2323
2331
2332
2339
2346
2347
2348
2349
2350
2351
2352
2353
2354
2359
2363
2364
2366
2402
2403
2404
2405
2474
2563
2630
2631
2632
2633
2634
2635
2636
2637
2638
2639
2640
2642
2643
2644
2646
2660
2782
2783
2784
2809
2810
2813
2815
2816
2817
2818
2819
2891
2906
2907
2911
2926
2937
2938
2940
2949
2957
2965
2967
2968
2969
2970
2971
2976
2982
2985
2986
2989
2994
2995
3010
3011
3012
3014
3016
3019
3023
3024
3029
3041
3052
3054
3056
3057
3058
3061
3083
3100
3372
3411
3423
3424
3425
3426
3427
3428
3436
3442
3443
3447
3472
3486
3488
3489
3490
3491
3520
3540
3543
3544
3547
3551
3553
3567
3575
3577
3581
3582
3584
3585
3598
3601
3602
3603
3606
3609
3614
3621
3746
3747
3748
3749
3750
3755
3759
3760
3761
3762
3770
3783
3785
3787
3792
3796
3797
3802
3804
3809
3857
3868
3870
3871
3872
3880
3884
3887
3890
3891
3892
3893
3894
3895
3902
3903
3904
3905
3906
3908
3909
3910
3911
3912
3914
3916
3957
3991
4010
4011
4016
4017
4019
4020
4021
4022
4027
4028
4029
4033
4034
4037
4039
4042
4043
4048
4049
4050
4056
4070
4076
4107
4142
4145
4147
4148
4149
4150
4151
4153
4154
4159
4169
4171
4173
4174
4175
4176
4177
4178
4179
4180
4181
4184
4185
4186
4190
4191
4192
4193
4196
4198
4206
4207
4227
4237
4240
4275
4277
4281
4282
4283
4285
4291
4299
4300
4301
4311
4319
4341
4343
4345
4355
4358
4361
4362
4363
4375
4376
4379
4389
4390
4399
4400
4403
4408
4412
4413
4418
4419
4421
4424
4425
4427
4428
4429
4430
4456
4459
4460
4466
4505
4535
4536
4540
4541
4542
4545
4549
4551
4552
4556
4557
4562
4564
4565
4566
4567
4578
4579
4580
4582
4585
4587
4589
4598
4599
4601
4627
4636
4639
4640
4641
4643
4644
4695
4699
4716
4732
4777
4791
4795
4796
4797
4804
4805
4809
4812
4816
4827
4828
4829
4830
4831
4832
4833
4834
4845
4860
4861
4886
4887
4889
4891
4904
4909
4935
4939
4940
4941
4956
4958
4960
4961
4969
4977
4978
4979
4982
4983
4991
4992
5003
5004
5005
5006
5007
5008
5009
5010
5011
5012
5013
5018
5019
5020
5021
5022
5023
5024
5025
5028
5031
5033
5037
5038
5039
5040
5042
5045
5046
5047
5048
5050
5051
5053
5055
5061
5062
5065
5066
5067
5069
5080
5081
5082
5083
5084
5085
5087
5088
5089
5090
5091
5092
5093
5094
5095
5096
5097
5098
5099
5100
5101
5103
5104
5105
5106
5107
5108
5109
5110
5111
5112
5113
5114
5115
5116
5117
5119
5120
5121
5122
5125
5126
5127
5128
5129
5133
5134
5135
5136
5138
5140
5142
5145
5153
5161
5171
5178
5180
5190
5197
5201
5235
5243
5250
5252
5256
5257
5263
5265
5268
5269
5271
5272
5274
5275
5278
5282
5283
5284
5287
5289
5290
5292
5293
5298
5303
5305
5307
5309
5320
5323
5329
5330
5332
5334
5335
5340
5343
5349
5351
5352
5354
5357
5358
5365
5374
5377
5392
5393
5394
5395
5396
5401
5405
5406
5407
5408
5416
5429
5431
5433
5438
5442
5443
5448
5450
5457
5471
5475
5476
5477
5489
5493
5496
5497
5498
5499
5517
5537
5542
5562
5563
5607
5618
5620
5621
5622
5623
5637
5642
5643
5647
5649
5653
5654
5656
5657
5658
5659
5660
5661
5663
5665
5666
5667
5669
5671
5682
5688
5717
