27
103
115
116
140
378
478
479
585
601
638
639
641
643
648
649
653
654
656
658
660
661
662
667
668
672
677
679
681
695
700
714
723
728
729
739
740
745
778
785
804
885
886
938
939
942
951
952
954
964
965
1025
1026
1027
1028
1029
1030
1031
1032
1033
1035
1050
1051
1052
1055
1057
1058
1060
1069
1070
1071
1072
1075
1076
1101
1205
1206
1210
1212
1215
1308
1346
1347
1352
1358
1359
1361
1376
1399
1401
1403
1404
1407
1409
1411
1417
1425
1474
1475
1476
1482
1488
1490
1500
1506
1519
1524
1530
1531
1533
1538
1548
1549
1550
1566
1567
1568
1569
1573
1599
1638
1640
1642
1644
1832
1846
1850
1858
1870
1871
1872
1873
1874
1877
1878
1971
2024
2028
2047
2056
2057
2064
2090
2123
2127
2228
2229
2463
2464
2465
2466
2467
2468
2469
2470
2471
2472
2544
2548
2549
2550
2554
2555
2572
2589
2600
2602
2608
2609
2611
2612
2621
2622
2624
2626
2630
2638
2639
2640
2641
2643
2644
2645
2646
2648
2649
2650
2651
2652
2653
2654
2655
2656
2657
2659
2660
2661
2662
2664
2666
2674
2675
2676
2682
2687
2688
2689
2690
2705
2706
2720
2755
2771
2772
2773
2774
2775
2776
2778
2779
2782
2786
2787
2788
2815
2822
2893
2894
2901
2910
2953
2955
2960
2961
2962
2966
2968
2975
2976
2977
2978
2984
2985
2987
2988
2990
2991
2992
2994
2995
2996
3012
3014
3019
3023
3029
3031
3033
3034
3035
3041
3042
3046
3047
3048
3049
3052
3137
3141
3142
3145
3146
3170
3227
3228
3229
3232
3234
3235
3328
3329
3331
3332
3333
3335
3341
3342
3372
3452
3453
3487
3488
3491
3492
3510
3515
3519
3544
3545
3550
3556
3561
3562
3564
3565
3566
3567
3568
3569
3570
3571
3572
3573
3574
3575
3577
3578
3579
3580
3582
3584
3587
3588
3590
3591
3594
3595
3598
3610
3614
3615
3616
3619
3654
3657
3658
3659
3664
3665
3670
3672
3679
3680
3682
3683
3684
3685
3686
3687
3688
3690
3691
3692
3693
3695
3696
3698
3699
3702
3703
3705
3707
3708
3709
3710
3711
3714
3715
3722
3723
3724
3726
3728
3729
3730
3731
3733
3736
3738
3741
3742
3743
3744
3745
3746
3747
3748
3749
3750
3751
3752
3753
3754
3756
3757
3758
3760
3762
3763
3764
3765
3766
3767
3768
3769
3770
3771
3772
3773
3774
3775
3777
3778
3781
3784
3787
3788
3790
3791
3792
3795
3796
3798
3799
3800
3801
3802
3806
3809
3810
3811
3812
3813
3815
3816
3817
3818
3819
3820
3821
3822
3823
3824
3825
3826
3829
3842
3843
3855
3857
3858
3860
3862
3863
3882
3884
3885
3886
3892
3895
3923
3931
3933
3942
3951
3952
3963
3964
3974
3990
3995
4005
4185
4187
4189
4190
4191
4193
4194
4202
4207
4208
4219
4229
4230
4232
4236
4237
4238
4239
4240
4241
4242
4281
4353
4368
4373
4396
4397
4477
4521
4522
4532
4535
4581
4583
4590
4592
4594
4595
4597
4598
4599
4608
4711
4714
4716
4717
4721
4739
4740
4752
4762
4763
5035
5036
5082
5083
5092
5094
5104
5155
5157
5160
5262
5264
5271
5272
5274
5285
5300
5309
5329
5359
5360
5362
5377
5380
5382
5385
5388
5398
5459
5479
5614
5663
5703
5704
5707
5709
5710
5712
5713
5760
5840
5855
5856
5858
5859
5865
5866
5867
5868
5869
5870
5877
5878
5881
5883
5901
5928
5933
5943
5949
5959
5974
5975
5977
6019
6021
6025
6026
6027
6028
6029
6030
6031
6045
6046
6047
6051
6052
6064
6077
6079
6080
6302
6340
6341
6342
6346
6455
6459
6460
6461
6470
6471
6472
6473
6474
6476
6481
6490
6491
6496
6497
6501
6502
6503
6514
6696
6703
6711
6728
6729
6730
6731
6732
6733
6734
6811
6847
6848
6849
6859
6866
6912
6918
6923
6926
6982
7026
7027
7028
7031
7032
7033
7064
7168
7215
7217
7218
7219
7222
7228
7279
7291
7306
7339
7340
7341
7346
7351
7352
7353
7354
7355
7357
7358
7363
7364
7373
7374
7379
7381
7385
7386
7397
7577
7585
7593
7600
7608
7617
7618
7620
7625
7626
7627
7629
7632
7633
7634
