26
43
44
53
66
73
74
85
107
133
141
156
161
169
204
209
266
275
280
302
323
324
415
426
429
441
442
458
459
460
467
468
469
470
473
474
483
488
489
490
493
494
496
497
498
499
500
501
502
503
519
520
535
547
553
567
581
582
583
586
589
593
595
622
623
635
638
652
673
702
704
710
716
718
720
729
732
734
737
741
747
753
764
765
771
790
807
808
809
810
827
838
843
852
853
857
861
866
867
868
885
896
928
929
933
938
953
977
991
1005
1008
1066
1067
1075
1076
1085
1094
1096
1100
1101
1102
1115
1118
1139
1140
1141
1164
1201
1202
1208
1220
1244
1247
1259
1264
1271
1279
1286
1292
1293
1301
1307
1309
1312
1313
1314
1318
1321
1323
1324
1326
1330
1349
1350
1354
1372
1377
1378
1380
1381
1394
1407
1409
1418
1422
1437
1445
1465
1473
1482
1496
1497
1498
1510
1513
1520
1537
1538
1556
1562
1568
1584
1591
1612
1631
1653
1665
1666
1668
1675
1683
1701
1703
1719
1764
1807
1811
1875
1876
1883
1916
1919
1921
1926
1929
1930
1931
1936
1944
1947
1962
1963
1964
1965
1966
1967
1968
1969
1970
1977
1980
1986
1988
1989
1990
1997
1998
2001
2005
2010
2012
2017
2020
2026
2035
2037
2042
2045
2046
2047
2049
2051
2057
2060
2071
2073
2074
2081
2082
2083
2092
2093
2094
2123
2129
2131
2136
2146
2155
2157
2159
2160
2165
2174
2177
2178
2180
2199
2204
2207
2226
2227
2241
2259
2260
2264
2297
2308
2343
2359
2377
2385
2430
2453
2526
2536
2537
2539
2541
2542
2543
2544
2545
2547
2549
2550
2551
2554
2557
2558
2560
2561
2567
2572
2573
2575
2577
2580
2581
2582
2584
2587
2588
2589
2590
2591
2592
2593
2594
2595
2597
2598
2599
2601
2602
2604
2614
2616
2617
2619
2620
2621
2622
2625
2626
2628
2630
2631
2632
2636
2671
2686
2720
2726
2753
2755
2822
2825
2834
2837
2840
2843
2867
2871
2893
2898
2899
2903
2908
2917
2926
2928
2929
2931
2935
2936
2937
2944
2945
2954
2969
2975
2999
3001
3004
3005
3015
3033
3036
3051
3057
3058
3135
3136
3141
3173
3180
3188
3206
3214
3217
3223
3236
3239
3242
3245
3249
3262
3266
3270
3272
3282
3284
3285
3288
3291
3303
3306
3344
3350
3359
3360
3367
3383
3422
3427
3460
3506
3515
3538
3559
3593
3595
3598
3614
3615
3616
3617
3618
3619
3620
3621
3622
3627
3628
3632
3634
3635
3637
3638
3640
3647
3648
3650
3653
3659
3665
3678
3679
3692
3733
3738
3739
3743
3769
3776
3778
3800
3854
3855
4065
4218
4224
4587
4794
4946
4992
4997
5076
5077
5167
5199
5223
5276
5364
5481
5694
5695
5696
5701
5715
5728
5732
5741
5743
5744
5764
5769
5771
5774
5778
5786
5787
5792
5793
5807
5814
5833
5848
5863
5873
5877
5891
5909
5911
5914
5929
5962
5964
5966
5970
5973
5997
6016
6017
6024
6027
6041
6043
6048
6050
6057
6065
6072
6082
6084
6086
6087
6089
6093
6095
6096
6097
6098
6108
6125
6128
6131
6133
6139
6140
6147
6157
6161
6195
6202
6204
6213
6223
6227
6229
6232
6237
6251
6252
6258
6263
6265
6267
6269
6271
6272
6294
6302
6348
6379
6429
6435
6440
6441
6442
6445
6457
6458
6460
6473
6481
6482
6486
6487
6491
6498
6499
6501
6502
6507
6512
6513
6517
6523
6533
6539
6543
6554
6573
6575
6584
6585
6586
6595
6596
6597
6600
6620
6622
6637
6640
6641
6648
6649
6672
6682
6691
6702
6704
6707
6716
6731
6740
6757
6765
6769
6771
6777
6783
6784
6839
6847
6854
6858
6888
6889
6890
6892
6893
6894
6895
6896
6897
6902
6904
6908
6909
6910
6912
6913
6915
6916
6917
6918
6919
6921
6924
6925
6929
6930
6933
6937
6939
6942
6943
6944
6951
6953
6954
6955
6956
6957
6959
6960
6961
6962
6963
6964
6968
6969
6972
6973
6974
6975
6977
6978
6983
6994
7003
7005
7008
7010
7012
7018
7021
7023
7024
7034
7036
7037
7038
7039
7047
7049
7055
7058
7061
7063
7064
7066
7070
7081
7083
7085
7089
7091
7092
7110
7124
7129
7130
7131
7132
7140
7141
7142
7143
7145
7146
7160
7161
7163
7169
7170
7175
7176
7181
7193
7221
7240
7241
7249
7307
7309
7330
7361
7439
7496
7497
7504
7505
7506
7507
7509
7533
7537
7540
7541
7547
7548
7551
7552
7554
7555
7568
7571
7577
7582
7598
7599
7633
7640
7641
7648
7710
7711
7712
7725
7754
7756
7759
7760
7785
7797
7804
7806
7811
7820
7822
7842
7851
7852
7855
7857
7859
7860
7865
7866
7869
7870
7872
7874
7877
7878
7882
7883
7885
7886
7890
7893
7895
7896
7897
7898
7899
7907
7969
7970
7971
7972
7973
7976
7983
7984
7985
7987
7992
7993
7996
8000
8001
8005
8006
8007
8008
8010
8017
8018
8021
8022
8025
8026
8029
8037
8038
8042
8043
8044
8047
8053
8054
8055
8056
8057
8060
8061
8062
8065
8071
8072
8078
8080
8087
8088
8090
8092
8093
8094
8105
8106
8110
8116
8123
8127
8128
8133
8141
8142
8145
8148
8152
8153
8156
8161
8177
8181
8193
8194
8195
8208
8211
8213
8216
8217
8218
8220
8221
8223
8231
8232
8235
8236
8237
8242
8244
8245
8247
8248
8249
8253
8255
8256
8268
8271
8274
8275
8285
8304
8308
8309
8314
8316
8321
8327
8338
8352
8355
8368
8370
8372
8373
8375
8383
8392
8393
8399
8400
8401
8402
8403
8406
8409
8412
8413
8415
8416
8417
8418
8419
8420
8422
8424
8425
8426
8427
8429
8430
8433
8434
8438
8440
8448
8449
8450
8451
8452
8455
8456
8460
8467
8468
8470
8472
8478
8480
8481
8488
8493
8494
8495
8496
8497
8499
8502
8503
8504
8505
8507
8508
8509
8510
8513
8514
8517
8518
8519
8521
8523
8532
8536
8537
8541
8544
8548
8551
8553
8554
8555
8556
8558
8559
8563
8564
8569
8572
8585
8587
8589
8591
8599
8612
8614
8629
8635
8636
8638
8669
8693
8694
8717
8718
8728
8735
8736
8742
8745
8746
8751
8756
8760
8766
8767
8769
8777
8778
8782
8783
8785
8794
8795
8798
8799
8804
8816
8829
8834
8835
8836
8842
8849
8850
8851
8852
8853
8854
8859
8860
8861
8862
8864
8871
8872
8880
8881
8882
8889
8893
8898
8907
8908
8959
8963
8966
8970
8972
8973
8977
8979
8983
8985
8986
8987
9003
9058
9060
9108
9145
9148
9156
9157
9161
9171
9177
9224
9225
9226
9248
9262
9266
9299
9300
9302
9303
9305
9306
9307
9309
9320
9324
9335
9348
9358
9397
9417
9422
9432
9436
9437
9441
9446
9456
9470
9485
9486
9487
9493
9499
9500
9506
9525
9526
9527
9530
9531
9534
9538
9540
9552
9557
9561
9563
9569
9574
9575
9576
9584
9586
9593
9613
9620
9623
9624
9625
9633
9644
9645
9646
9647
9650
9651
9654
9655
9665
9666
9671
9677
9678
9679
9681
9682
9684
9687
9688
9689
9691
9695
9703
9704
9707
9708
9709
9710
9712
9714
9716
9719
9721
9725
9726
9729
9730
9763
9768
9803
9816
9839
9849
9850
9853
9857
9859
9881
9882
9886
9907
9918
9926
9941
9947
9948
10025
10050
10064
10078
10081
10140
10141
10147
10150
10151
10160
10169
10171
10175
10176
10177
10184
10190
10193
10214
10215
10216
10239
10277
10278
10284
10291
10297
10320
10368
10377
10392
10408
10447
10452
10461
10472
10473
10475
10486
10517
10524
10532
10550
10558
10561
10568
10581
10584
10587
10590
10594
10605
10609
10613
10615
10625
10627
10630
10633
10646
10649
10684
10688
10694
10703
10704
10711
10730
10764
10769
10800
10850
10860
10871
10881
10885
10886
10890
10895
10906
10920
10934
10935
10936
10941
10947
10948
10954
10974
10975
10976
10979
10980
10983
10987
10989
11001
11006
11010
11012
11018
11023
11024
11025
11033
11035
11042
11062
11069
11077
11085
11090
11103
11108
11111
11138
11150
11164
11168
11181
11184
11192
11232
11236
11239
11276
11306
11325
11326
11337
11341
11347
11348
11354
11358
11360
11361
11362
11369
11370
11373
11377
11382
11384
11389
11392
11399
11408
11410
11415
11418
11419
11420
11422
11424
11430
11433
11444
11446
11447
11454
11455
11456
11464
11465
11466
11495
11501
11503
11508
11518
11527
11529
11532
11533
11534
11538
11547
11550
11551
11553
11575
11579
11595
11596
11610
