6
8
10
14
16
17
20
26
28
29
30
33
34
35
36
37
39
42
43
44
45
46
48
50
53
57
58
61
65
66
73
74
75
76
85
88
91
98
105
107
109
117
120
123
127
128
133
136
137
141
143
144
145
152
154
156
161
162
167
169
181
184
188
189
192
193
194
195
196
198
199
201
202
203
204
206
209
212
214
216
217
218
222
229
232
234
237
241
242
247
250
252
254
255
263
265
266
270
271
272
273
275
280
282
285
287
293
294
302
303
307
308
316
319
323
324
330
331
345
351
368
369
370
371
377
378
379
381
382
384
385
386
387
388
389
390
391
392
393
394
395
396
398
399
400
401
402
403
404
405
406
407
408
409
410
411
412
413
414
415
416
419
420
421
422
423
426
428
429
431
432
434
435
437
438
440
441
442
443
444
449
453
454
456
457
458
459
460
461
462
465
467
468
469
470
473
474
476
477
478
480
481
482
483
484
485
488
489
490
492
493
494
496
497
498
499
500
501
502
503
505
507
508
509
510
511
512
513
514
515
516
518
519
520
523
524
525
527
528
529
530
532
533
534
535
536
539
540
541
542
543
544
546
547
548
549
551
552
553
554
555
556
558
559
560
561
562
563
564
566
567
568
569
570
571
573
575
576
577
578
579
580
581
582
583
584
585
586
587
589
590
591
592
593
594
595
598
599
600
601
602
603
604
605
606
607
608
609
610
611
612
613
614
616
617
618
619
620
621
622
623
624
625
626
627
628
629
630
631
632
633
635
636
637
638
639
640
642
643
644
645
646
647
649
650
651
652
653
654
655
656
657
658
660
661
662
663
664
665
667
668
669
671
672
673
674
675
676
677
678
679
681
684
685
686
687
690
691
695
697
698
700
701
702
703
704
705
706
707
708
709
710
711
713
716
717
718
719
720
721
722
724
726
727
728
729
731
732
733
734
735
736
737
739
740
741
743
744
747
753
754
758
760
761
762
763
764
765
766
767
768
769
771
772
774
777
778
782
785
789
790
791
793
797
801
803
807
808
809
810
812
813
817
819
820
823
824
826
827
829
833
834
835
838
843
850
851
852
853
855
857
860
861
866
867
868
873
876
882
883
884
885
886
887
888
889
892
895
896
898
899
900
901
902
903
904
905
906
911
913
914
917
919
921
922
923
924
927
928
929
931
933
934
936
938
943
944
945
947
949
950
951
952
953
954
955
956
957
958
962
964
966
967
969
970
977
982
983
984
985
986
987
988
989
991
992
999
1000
1005
1006
1007
1008
1009
1010
1014
1018
1023
1026
1027
1035
1039
1041
1042
1043
1052
1055
1058
1059
1060
1061
1062
1064
1065
1066
1067
1068
1069
1071
1075
1076
1080
1084
1085
1088
1089
1090
1091
1094
1096
1097
1099
1100
1101
1102
1111
1114
1115
1116
1118
1121
1122
1123
1124
1134
1136
1137
1138
1139
1140
1141
1142
1146
1147
1149
1153
1154
1155
1156
1160
1161
1164
1165
1166
1167
1171
1174
1177
1178
1179
1182
1184
1186
1187
1188
1189
1191
1193
1197
1198
1199
1201
1202
1204
1205
1206
1208
1210
1212
1213
1214
1215
1216
1217
1220
1223
1224
1225
1227
1228
1230
1232
1233
1234
1235
1236
1237
1238
1239
1240
1241
1243
1244
1246
1247
1249
1250
1251
1252
1256
1257
1258
1259
1261
1263
1264
1266
1267
1268
1269
1270
1271
1272
1277
1278
1279
1281
1282
1284
1285
1286
1288
1289
1290
1291
1292
1293
1294
1297
1300
1301
1305
1306
1307
1309
1310
1312
1313
1314
1316
1317
1318
1320
1321
1322
1323
1324
1326
1327
1329
1330
1331
1333
1335
1337
1338
1340
1341
1342
1345
1347
1349
1350
1354
1355
1356
1357
1358
1359
1369
1371
1372
1373
1374
1377
1378
1380
1381
1383
1384
1385
1390
1392
1394
1400
1403
1407
1409
1410
1412
1416
1418
1421
1422
1423
1426
1428
1437
1443
1444
1445
1446
1447
1452
1454
1455
1459
1460
1464
1465
1467
1471
1472
1473
1475
1478
1479
1482
1483
1486
1488
1489
1491
1493
1496
1497
1498
1499
1500
1501
1502
1505
1507
1509
1510
1511
1513
1516
1518
1520
1521
1524
1525
1527
1528
1530
1532
1533
1536
1537
1538
1543
1544
1545
1548
1549
1553
1555
1556
1558
1560
1561
1562
1563
1564
1568
1569
1572
1573
1578
1582
1584
1589
1591
1595
1597
1598
1599
1601
1602
1603
1604
1606
1608
1609
1612
1614
1615
1616
1619
1620
1621
1622
1625
1626
1627
1628
1629
1630
1631
1636
1637
1638
1646
1647
1648
1649
1650
1653
1654
1655
1656
1657
1658
1659
1660
1661
1662
1664
1665
1666
1667
1668
1669
1670
1672
1674
1675
1677
1678
1679
1681
1683
1684
1685
1689
1691
1692
1695
1698
1701
1703
1707
1708
1709
1715
1718
1719
1723
1726
1729
1734
1737
1742
1743
1745
1748
1749
1750
1752
1754
1758
1760
1763
1764
1768
1769
1772
1774
1780
1782
1784
1785
1786
1789
1790
1792
1793
1797
1798
1800
1801
1802
1803
1804
1805
1806
1807
1808
1811
1813
1816
1818
1831
1833
1874
1875
1876
1877
1878
1879
1880
1881
1882
1883
1884
1885
1886
1887
1888
1889
1891
1892
1894
1896
1897
1898
1900
1901
1903
1904
1906
1907
1910
1911
1913
1914
1915
1916
1918
1919
1920
1921
1922
1924
1926
1928
1929
1930
1931
1933
1934
1935
1936
1937
1938
1939
1941
1942
1943
1944
1945
1946
1947
1949
1950
1951
1952
1953
1954
1955
1957
1959
1960
1961
1962
1963
1964
1965
1966
1967
1968
1969
1970
1974
1975
1976
1977
1978
1980
1981
1982
1983
1986
1988
1989
1990
1993
1994
1995
1996
1997
1998
1999
2001
2002
2003
2004
2005
2007
2008
2010
2011
2012
2013
2014
2015
2016
2017
2018
2020
2021
2022
2023
2026
2032
2033
2034
2035
2036
2037
2038
2040
2041
2042
2045
2046
2047
2048
2049
2051
2052
2053
2054
2055
2056
2057
2058
2059
2060
2061
2064
2065
2070
2071
2072
2073
2074
2076
2078
2079
2080
2081
2082
2083
2085
2089
2092
2093
2094
2095
2097
2098
2102
2103
2104
2105
2106
2109
2110
2111
2112
2113
2114
2116
2117
2118
2119
2121
2122
2123
2124
2125
2126
2128
2129
2130
2131
2132
2135
2136
2139
2140
2141
2142
2143
2144
2145
2146
2148
2149
2150
2152
2153
2154
2155
2156
2157
2158
2159
2160
2161
2162
2163
2164
2165
2166
2167
2168
2169
2170
2171
2172
2173
2174
2175
2176
2177
2178
2179
2180
2181
2184
2185
2186
2187
2188
2189
2190
2192
2193
2194
2195
2196
2197
2199
2200
2201
2202
2203
2204
2205
2206
2207
2208
2209
2210
2211
2212
2213
2214
2215
2216
2217
2218
2219
2220
2222
2224
2225
2226
2227
2228
2230
2231
2232
2235
2236
2237
2238
2239
2240
2241
2244
2250
2251
2259
2260
2262
2263
2264
2270
2274
2275
2276
2278
2279
2284
2287
2289
2296
2297
2300
2303
2308
2314
2332
2335
2336
2337
2338
2340
2343
2344
2345
2348
2349
2352
2355
2359
2361
2362
2363
2368
2369
2371
2372
2373
2374
2375
2377
2379
2385
2389
2392
2394
2397
2399
2400
2401
2402
2407
2408
2409
2410
2412
2416
2417
2419
2425
2427
2430
2431
2434
2443
2446
2447
2449
2450
2453
2454
2457
2468
2469
2474
2487
2488
2489
2497
2498
2499
2501
2504
2506
2507
2512
2513
2519
2523
2524
2525
2526
2527
2528
2529
2530
2531
2532
2533
2534
2535
2536
2537
2539
2541
2542
2543
2544
2545
2546
2547
2548
2549
2550
2551
2554
2556
2557
2558
2560
2561
2565
2567
2570
2571
2572
2573
2574
2575
2576
2577
2578
2580
2581
2582
2583
2584
2585
2586
2587
2588
2589
2590
2591
2592
2593
2594
2595
2596
2597
2598
2599
2600
2601
2602
2603
2604
2605
2606
2607
2608
2609
2611
2614
2615
2616
2617
2618
2619
2620
2621
2622
2623
2624
2625
2626
2627
2628
2630
2631
2632
2633
2634
2635
2636
2637
2643
2650
2654
2658
2667
2671
2675
2682
2686
2692
2694
2702
2703
2720
2726
2728
2751
2753
2754
2755
2764
2766
2767
2772
2779
2782
2792
2797
2798
2800
2801
2808
2817
2819
2820
2822
2824
2825
2828
2829
2830
2831
2834
2837
2840
2843
2846
2850
2853
2857
2861
2862
2863
2865
2867
2869
2870
2871
2872
2882
2883
2884
2885
2886
2887
2888
2890
2891
2893
2894
2895
2896
2897
2898
2899
2900
2901
2902
2903
2904
2905
2908
2909
2911
2912
2915
2916
2917
2919
2925
2926
2927
2928
2929
2931
2932
2933
2934
2935
2936
2937
2940
2941
2944
2945
2946
2948
2949
2951
2952
2953
2954
2956
2959
2960
2961
2964
2966
2967
2968
2969
2970
2974
2975
2977
2983
2986
2993
2995
2996
2998
2999
3000
3001
3002
3004
3005
3010
3011
3014
3015
3021
3024
3031
3032
3033
3034
3035
3036
3037
3039
3042
3044
3045
3046
3049
3051
3052
3053
3056
3057
3058
3089
3121
3129
3132
3135
3136
3138
3139
3140
3141
3143
3146
3158
3159
3161
3164
3173
3175
3178
3180
3181
3183
3187
3188
3190
3195
3200
3204
3206
3208
3209
3212
3214
3215
3217
3218
3219
3220
3223
3224
3225
3226
3227
3228
3232
3236
3237
3239
3242
3245
3249
3251
3253
3260
3262
3266
3270
3272
3282
3284
3285
3288
3291
3297
3301
3303
3306
3309
3313
3324
3325
3342
3344
3350
3353
3354
3359
3360
3367
3369
3373
3377
3378
3379
3383
3384
3385
3386
3387
3392
3393
3394
3405
3406
3407
3409
3411
3412
3415
3417
3419
3422
3427
3448
3449
3452
3460
3461
3467
3474
3476
3480
3481
3482
3483
3484
3488
3489
3491
3492
3494
3497
3504
3506
3507
3512
3514
3515
3518
3521
3522
3523
3524
3525
3526
3532
3533
3534
3535
3536
3537
3538
3540
3541
3542
3557
3559
3564
3565
3566
3567
3568
3569
3570
3571
3572
3573
3574
3576
3577
3578
3580
3581
3583
3585
3587
3588
3589
3591
3593
3595
3598
3601
3603
3604
3605
3606
3608
3610
3611
3613
3614
3615
3616
3617
3618
3619
3620
3621
3622
3623
3624
3627
3628
3629
3630
3631
3632
3634
3635
3636
3637
3638
3640
3646
3647
3648
3649
3650
3651
3652
3653
3654
3655
3656
3658
3659
3663
3664
3665
3669
3670
3671
3672
3673
3674
3675
3676
3677
3678
3679
3681
3684
3686
3687
3688
3689
3690
3692
3693
3694
3695
3696
3697
3698
3699
3700
3701
3702
3705
3706
3707
3709
3710
3711
3712
3713
3714
3715
3716
3717
3718
3720
3722
3723
3724
3725
3729
3730
3733
3736
3737
3738
3739
3740
3741
3742
3743
3744
3745
3746
3747
3749
3750
3751
3752
3753
3754
3755
3756
3757
3758
3759
3760
3761
3762
3763
3764
3765
3766
3767
3768
3769
3771
3772
3773
3774
3775
3776
3777
3778
3779
3780
3781
3782
3783
3784
3785
3787
3788
3789
3790
3792
3793
3794
3795
3796
3797
3798
3799
3800
3801
3802
3803
3804
3805
3806
3807
3808
3810
3811
3812
3816
3817
3820
3821
3822
3825
3828
3830
3832
3833
3835
3837
3839
3841
3842
3844
3846
3848
3849
3851
3853
3854
3855
3857
3859
3861
3864
3866
3869
3874
3877
3880
3882
3884
3888
3891
3894
3897
3900
3903
3906
3909
3912
3915
3918
3921
3924
3928
3932
3936
3940
3944
3948
3952
3955
3956
3958
3962
3966
3967
3971
3977
3982
3986
3990
3994
3995
4000
4005
4006
4011
4012
4016
4017
4022
4023
4027
4030
4031
4036
4037
4040
4043
4044
4048
4049
4053
4054
4058
4059
4064
4065
4066
4070
4071
4072
4077
4078
4083
4084
4089
4090
4094
4095
4099
4100
4105
4106
4111
4112
4117
4118
4124
4125
4130
4131
4136
4137
4141
4142
4147
4148
4153
4154
4158
4159
4164
4165
4169
4170
4175
4176
4181
4182
4186
4187
4191
4192
4196
4197
4202
4203
4207
4208
4213
4214
4217
4218
4219
4220
4223
4224
4225
4226
4230
4231
4234
4235
4238
4239
4243
4244
4248
4249
4252
4253
4256
4257
4260
4261
4262
4265
4266
4270
4271
4276
4277
4280
4281
4285
4286
4290
4291
4294
4295
4299
4300
4305
4306
4309
4310
4313
4314
4317
4318
4322
4323
4327
4328
4331
4332
4335
4336
4337
4340
4341
4344
4345
4348
4349
4352
4353
4356
4357
4360
4361
4364
4365
4368
4369
4372
4373
4376
4378
4379
4382
4383
4386
4387
4390
4391
4395
4396
4400
4401
4405
4406
4409
4410
4413
4414
4418
4419
4420
4424
4425
4428
4429
4432
4433
4436
4438
4439
4444
4445
4448
4449
4450
4453
4454
4457
4458
4461
4462
4465
4466
4469
4470
4473
4474
4477
4478
4481
4483
4484
4487
4488
4491
4492
4495
4496
4497
4500
4501
4504
4505
4508
4509
4512
4514
4515
4518
4519
4520
4521
4524
4525
4528
4529
4532
4533
4537
4538
4541
4542
4545
4546
4550
4551
4554
4555
4558
4559
4563
4564
4567
4569
4570
4573
4574
4578
4579
4583
4584
4587
4588
4589
4592
4593
4597
4598
4601
4602
4607
4608
4611
4612
4616
4617
4620
4622
4623
4626
4627
4630
4631
4635
4636
4639
4640
4643
4645
4646
4649
4651
4652
4656
4657
4661
4662
4666
4667
4670
4671
4674
4676
4677
4680
4681
4684
4685
4689
4690
4694
4695
4698
4699
4702
4703
4704
4708
4709
4713
4714
4717
4719
4720
4723
4724
4727
4728
4732
4733
4737
4738
4742
4743
4746
4747
4750
4752
4753
4758
4759
4763
4764
4768
4769
4773
4774
4777
4778
4782
4783
4786
4787
4790
4791
4794
4795
4796
4797
4800
4801
4805
4806
4809
4810
4814
4815
4819
4820
4824
4825
4828
4829
4833
4834
4837
4838
4839
4843
4844
4848
4849
4853
4854
4858
4859
4862
4863
4866
4868
4869
4873
4874
4878
4879
4882
4883
4887
4888
4891
4892
4895
4896
4899
4901
4902
4907
4908
4911
4912
4915
4916
4917
4920
4921
4924
4925
4928
4929
4933
4934
4938
4939
4942
4943
4946
4947
4948
4952
4953
4957
4958
4961
4962
4963
4967
4968
4971
4972
4975
4977
4978
4981
4982
4983
4986
4987
4991
4992
4996
4997
5001
5002
5005
5006
5007
5008
5011
5012
5016
5017
5021
5022
5025
5027
5028
5032
5033
5037
5038
5042
5043
5047
5048
5051
5053
5054
5057
5058
5062
5063
5066
5067
5071
5072
5075
5076
5077
5079
5080
5084
5086
5087
5091
5092
5095
5097
5098
5101
5103
5104
5107
5108
5109
5113
5114
5118
5119
5124
5125
5129
5130
5133
5135
5136
5139
5140
5144
5145
5148
5149
5153
5154
5155
5159
5160
5163
5165
5166
5167
5169
5170
5174
5175
5178
5180
5181
5184
5185
5189
5190
5194
5195
5199
5200
5201
5206
5207
5211
5212
5217
5218
5223
5224
5225
5229
5231
5232
5238
5239
5243
5244
5249
5250
5255
5256
5261
5262
5266
5267
5271
5272
5276
5277
5278
5282
5283
5287
5288
5292
5293
5298
5299
5303
5304
5308
5309
5314
5315
5319
5322
5323
5327
5328
5332
5333
5335
5336
5341
5342
5347
5348
5352
5353
5357
5358
5359
5363
5364
5365
5366
5370
5371
5376
5377
5381
5382
5386
5387
5391
5392
5394
5395
5399
5400
5404
5405
5406
5410
5411
5415
5416
5417
5420
5423
5424
5428
5429
5430
5434
5435
5436
5440
5441
5442
5443
5444
5448
5449
5454
5455
5460
5461
5465
5466
5470
5471
5476
5477
5481
5482
5483
5487
5488
5492
5493
5497
5498
5499
5503
5504
5508
5509
5514
5515
5520
5521
5526
5527
5532
5533
5538
5539
5543
5544
5548
5549
5553
5556
5557
5561
5562
5566
5567
5571
5572
5573
5577
5578
5583
5584
5588
5589
5593
5594
5598
5599
5603
5604
5608
5609
5610
5611
5615
5616
5620
5621
5625
5627
5628
5633
5634
5639
5640
5645
5646
5650
5651
5652
5653
5654
5658
5659
5660
5664
5665
5666
5670
5671
5675
5676
5680
5681
5682
5683
5687
5688
5692
5693
5694
5695
5696
5698
5701
5703
5704
5705
5706
5707
5708
5711
5712
5713
5714
5715
5716
5717
5718
5719
5720
5723
5725
5726
5728
5729
5730
5731
5732
5733
5734
5736
5737
5738
5739
5740
5741
5742
5743
5744
5746
5747
5748
5749
5750
5751
5752
5753
5754
5755
5757
5759
5762
5763
5764
5765
5768
5769
5770
5771
5772
5774
5775
5778
5779
5780
5781
5783
5784
5785
5786
5787
5788
5789
5790
5791
5792
5793
5796
5797
5798
5799
5800
5801
5802
5803
5804
5805
5806
5807
5809
5814
5815
5817
5819
5822
5823
5828
5829
5830
5831
5833
5836
5837
5838
5841
5842
5843
5844
5845
5846
5847
5848
5850
5851
5852
5853
5854
5862
5863
5873
5877
5878
5882
5883
5885
5886
5887
5891
5896
5902
5908
5909
5911
5914
5917
5923
5924
5926
5929
5930
5934
5938
5959
5961
5962
5964
5966
5967
5969
5970
5973
5980
5982
5986
5989
5990
5993
5994
5995
5996
5997
5999
6000
6001
6003
6004
6006
6007
6008
6011
6012
6016
6017
6018
6019
6020
6021
6022
6023
6024
6026
6027
6028
6029
6031
6032
6033
6035
6036
6037
6038
6039
6041
6042
6043
6045
6047
6048
6050
6051
6052
6053
6056
6057
6058
6061
6062
6063
6064
6065
6066
6072
6073
6076
6077
6078
6080
6081
6082
6083
6084
6085
6086
6087
6089
6090
6091
6092
6093
6094
6095
6096
6097
6098
6100
6101
6102
6103
6104
6108
6109
6110
6111
6112
6113
6115
6116
6118
6119
6121
6123
6124
6125
6126
6127
6128
6129
6130
6131
6132
6133
6134
6137
6139
6140
6141
6144
6145
6146
6147
6148
6149
6153
6154
6155
6156
6157
6158
6159
6160
6161
6163
6165
6166
6167
6171
6172
6173
6177
6178
6179
6180
6182
6183
6185
6186
6187
6188
6189
6191
6193
6195
6196
6197
6199
6200
6201
6202
6204
6205
6206
6207
6208
6209
6210
6211
6212
6213
6214
6215
6216
6217
6218
6219
6220
6221
6222
6223
6224
6225
6226
6227
6229
6230
6231
6232
6233
6235
6236
6237
6238
6239
6241
6242
6244
6246
6248
6249
6250
6251
6252
6254
6257
6258
6259
6261
6262
6263
6264
6265
6266
6267
6269
6270
6271
6272
6273
6274
6275
6276
6277
6278
6279
6280
6281
6282
6284
6285
6286
6287
6288
6289
6293
6294
6295
6296
6297
6298
6299
6300
6301
6302
6303
6304
6305
6311
6312
6313
6314
6317
6318
6320
6323
6324
6325
6327
6328
6334
6335
6336
6337
6338
6340
6341
6342
6343
6344
6347
6348
6349
6351
6352
6353
6354
6356
6357
6358
6360
6361
6362
6363
6364
6365
6366
6368
6371
6372
6373
6376
6377
6379
6380
6383
6384
6385
6390
6394
6395
6397
6399
6401
6402
6405
6407
6409
6411
6412
6413
6414
6415
6418
6419
6420
6423
6424
6425
6426
6428
6429
6431
6432
6433
6434
6435
6436
6437
6438
6439
6440
6441
6442
6443
6444
6445
6448
6449
6450
6451
6452
6453
6454
6455
6456
6457
6458
6459
6460
6461
6462
6463
6464
6465
6466
6467
6468
6469
6470
6471
6473
6475
6476
6477
6478
6479
6480
6481
6482
6483
6486
6487
6488
6489
6490
6491
6493
6494
6495
6497
6498
6499
6500
6501
6502
6507
6508
6509
6510
6512
6513
6514
6515
6516
6517
6518
6519
6520
6521
6522
6523
6524
6525
6526
6527
6529
6531
6532
6533
6534
6535
6536
6537
6538
6539
6540
6542
6543
6544
6545
6546
6547
6548
6549
6551
6552
6554
6555
6556
6557
6558
6559
6562
6563
6564
6566
6567
6568
6570
6571
6573
6574
6575
6576
6579
6580
6581
6582
6584
6585
6586
6587
6588
6589
6590
6591
6592
6593
6594
6595
6596
6597
6598
6599
6600
6601
6602
6603
6604
6605
6606
6608
6609
6611
6612
6613
6614
6615
6616
6617
6620
6621
6622
6623
6625
6626
6627
6628
6629
6631
6632
6633
6634
6635
6636
6637
6638
6639
6640
6641
6642
6643
6644
6645
6646
6647
6648
6649
6650
6651
6652
6653
6655
6656
6658
6659
6660
6661
6662
6663
6664
6665
6667
6669
6670
6672
6673
6674
6676
6677
6678
6679
6680
6681
6682
6683
6686
6687
6688
6689
6690
6691
6692
6695
6697
6701
6702
6703
6704
6705
6706
6707
6708
6709
6710
6711
6712
6713
6714
6715
6716
6717
6719
6720
6721
6722
6723
6724
6725
6728
6729
6731
6732
6733
6735
6736
6738
6739
6740
6741
6742
6743
6744
6745
6746
6747
6748
6749
6750
6751
6752
6753
6754
6755
6757
6759
6761
6762
6763
6765
6768
6769
6771
6772
6773
6774
6777
6779
6780
6781
6782
6783
6784
6785
6786
6790
6791
6792
6793
6794
6795
6797
6798
6800
6801
6802
6804
6806
6807
6808
6809
6811
6812
6813
6814
6815
6816
6817
6818
6820
6821
6823
6825
6826
6827
6830
6831
6832
6833
6834
6835
6836
6837
6838
6839
6841
6842
6843
6845
6846
6847
6848
6850
6851
6852
6853
6854
6855
6856
6857
6858
6859
6862
6865
6866
6868
6869
6870
6871
6886
6888
6889
6890
6892
6893
6894
6895
6896
6897
6900
6902
6904
6905
6908
6909
6910
6912
6913
6914
6915
6916
6917
6918
6919
6920
6921
6923
6924
6925
6927
6929
6930
6931
6932
6933
6934
6937
6939
6942
6943
6944
6945
6946
6947
6951
6953
6954
6955
6956
6957
6959
6960
6961
6962
6963
6964
6968
6969
6972
6973
6974
6975
6977
6978
6979
6980
6981
6982
6983
6984
6985
6987
6988
6990
6993
6994
6996
7000
7001
7002
7003
7004
7005
7007
7008
7010
7011
7012
7013
7018
7019
7020
7021
7022
7023
7024
7025
7026
7027
7029
7030
7031
7032
7033
7034
7035
7036
7037
7038
7039
7040
7043
7047
7049
7055
7058
7059
7061
7063
7064
7066
7070
7072
7078
7079
7081
7083
7085
7086
7087
7089
7090
7091
7092
7093
7096
7098
7101
7102
7104
7106
7107
7108
7110
7112
7114
7115
7118
7120
7123
7124
7125
7129
7130
7131
7132
7133
7136
7138
7140
7141
7142
7143
7144
7145
7146
7147
7148
7152
7153
7156
7159
7160
7161
7162
7163
7164
7166
7167
7168
7169
7170
7171
7172
7173
7174
7175
7176
7181
7182
7183
7184
7185
7186
7187
7188
7192
7193
7196
7197
7198
7199
7200
7201
7202
7203
7204
7205
7206
7207
7208
7211
7213
7214
7215
7216
7217
7218
7219
7220
7221
7226
7227
7228
7229
7230
7231
7232
7233
7234
7237
7238
7239
7240
7241
7242
7243
7244
7245
7246
7247
7248
7249
7251
7252
7253
7254
7255
7256
7257
7258
7259
7260
7261
7262
7263
7264
7265
7266
7268
7270
7272
7274
7277
7278
7279
7281
7282
7284
7285
7287
7289
7291
7292
7293
7294
7295
7296
7297
7298
7299
7301
7302
7303
7304
7305
7306
7307
7308
7309
7310
7311
7312
7313
7314
7315
7316
7317
7318
7319
7320
7321
7322
7325
7330
7331
7332
7333
7335
7336
7337
7338
7339
7340
7341
7343
7344
7345
7346
7348
7349
7350
7351
7352
7353
7354
7355
7357
7358
7359
7360
7361
7362
7363
7365
7381
7385
7388
7390
7395
7423
7439
7441
7442
7443
7444
7445
7446
7453
7454
7455
7456
7460
7461
7462
7463
7464
7466
7467
7468
7469
7470
7471
7472
7473
7474
7475
7476
7477
7478
7479
7480
7481
7482
7483
7484
7485
7486
7487
7488
7489
7490
7491
7492
7493
7494
7495
7496
7497
7498
7499
7500
7501
7503
7504
7505
7506
7507
7508
7509
7510
7511
7512
7514
7515
7516
7517
7520
7521
7522
7528
7531
7532
7533
7534
7535
7536
7537
7540
7541
7542
7543
7544
7545
7546
7547
7548
7549
7551
7552
7553
7554
7555
7556
7557
7558
7559
7560
7561
7562
7564
7565
7567
7568
7569
7571
7572
7573
7577
7581
7582
7585
7586
7587
7589
7590
7591
7594
7595
7596
7598
7599
7601
7602
7603
7604
7609
7612
7618
7619
7620
7621
7623
7624
7626
7629
7633
7640
7641
7642
7646
7647
7648
7649
7652
7653
7654
7656
7657
7658
7662
7665
7666
7668
7670
7676
7689
7692
7694
7700
7701
7702
7704
7705
7708
7709
7710
7711
7712
7714
7715
7716
7723
7725
7728
7733
7735
7736
7737
7738
7739
7741
7742
7743
7744
7745
7746
7748
7750
7751
7753
7754
7756
7757
7759
7760
7761
7762
7764
7765
7766
7768
7771
7775
7779
7780
7783
7784
7785
7786
7787
7788
7789
7793
7794
7795
7797
7798
7801
7802
7803
7804
7805
7806
7807
7810
7811
7813
7814
7816
7818
7819
7820
7821
7822
7823
7825
7829
7830
7831
7832
7833
7834
7835
7837
7838
7839
7841
7842
7843
7844
7845
7847
7848
7849
7850
7851
7852
7853
7855
7856
7857
7859
7860
7861
7862
7864
7865
7866
7867
7868
7869
7870
7872
7873
7874
7875
7877
7878
7879
7880
7882
7883
7885
7886
7887
7889
7890
7893
7894
7895
7896
7897
7898
7899
7904
7906
7907
7909
7911
7920
7921
7922
7923
7924
7925
7926
7927
7928
7929
7930
7931
7932
7936
7937
7938
7939
7940
7941
7942
7943
7944
7945
7946
7948
7949
7950
7951
7952
7953
7954
7955
7956
7957
7958
7959
7960
7961
7962
7963
7964
7965
7966
7967
7968
7969
7970
7971
7972
7973
7976
7977
7979
7980
7982
7983
7984
7985
7987
7989
7990
7991
7992
7993
7994
7996
8000
8001
8002
8004
8005
8006
8007
8008
8010
8011
8012
8016
8017
8018
8021
8022
8023
8025
8026
8028
8029
8030
8033
8034
8037
8038
8040
8041
8042
8043
8044
8045
8046
8047
8048
8051
8052
8053
8054
8055
8056
8057
8058
8059
8060
8061
8062
8063
8064
8065
8066
8068
8069
8071
8072
8073
8074
8076
8077
8078
8079
8080
8081
8082
8083
8085
8086
8087
8088
8089
8090
8091
8092
8093
8094
8095
8096
8098
8099
8102
8103
8104
8105
8106
8110
8112
8113
8116
8117
8118
8119
8120
8121
8122
8123
8124
8125
8127
8128
8130
8131
8132
8133
8135
8136
8137
8140
8141
8142
8143
8144
8145
8146
8147
8148
8149
8151
8152
8153
8155
8156
8158
8159
8160
8161
8162
8164
8167
8168
8169
8171
8172
8173
8176
8177
8181
8182
8183
8184
8185
8186
8187
8188
8192
8193
8194
8195
8197
8198
8199
8200
8202
8204
8205
8206
8207
8208
8209
8211
8213
8216
8217
8218
8219
8220
8221
8223
8224
8225
8226
8227
8228
8229
8230
8231
8232
8234
8235
8236
8237
8238
8239
8240
8241
8242
8243
8244
8245
8246
8247
8248
8249
8252
8253
8255
8256
8260
8261
8262
8263
8264
8265
8266
8267
8268
8269
8270
8271
8272
8273
8274
8275
8276
8277
8278
8280
8281
8283
8284
8285
8287
8291
8292
8294
8296
8297
8298
8300
8301
8302
8303
8304
8305
8306
8307
8308
8309
8314
8316
8318
8319
8321
8322
8323
8326
8327
8338
8343
8345
8346
8348
8349
8350
8351
8352
8353
8354
8355
8356
8357
8361
8365
8367
8368
8369
8370
8372
8373
8375
8376
8377
8378
8379
8380
8383
8384
8385
8386
8387
8388
8389
8391
8392
8393
8394
8395
8397
8398
8399
8400
8401
8402
8403
8404
8406
8407
8408
8409
8410
8412
8413
8414
8415
8416
8417
8418
8419
8420
8421
8422
8423
8424
8425
8426
8427
8428
8429
8430
8433
8434
8438
8439
8440
8441
8444
8446
8447
8448
8449
8450
8451
8452
8454
8455
8456
8457
8458
8459
8460
8462
8466
8467
8468
8469
8470
8471
8472
8473
8474
8475
8476
8477
8478
8479
8480
8481
8483
8484
8485
8487
8488
8489
8490
8493
8494
8495
8496
8497
8499
8501
8502
8503
8504
8505
8506
8507
8508
8509
8510
8513
8514
8515
8517
8518
8519
8520
8521
8522
8523
8524
8526
8527
8528
8529
8530
8532
8536
8537
8539
8540
8541
8542
8544
8545
8548
8551
8552
8553
8554
8555
8556
8558
8559
8560
8561
8563
8564
8565
8566
8568
8569
8570
8571
8572
8573
8574
8575
8576
8577
8578
8579
8580
8581
8582
8583
8584
8585
8586
8587
8588
8589
8590
8591
8593
8596
8597
8598
8599
8600
8601
8604
8605
8606
8607
8608
8609
8610
8611
8612
8613
8614
8616
8617
8618
8624
8625
8626
8627
8628
8629
8630
8631
8632
8633
8634
8635
8636
8637
8638
8639
8640
8641
8642
8643
8644
8648
8649
8650
8652
8653
8654
8655
8656
8657
8658
8662
8663
8666
8667
8669
8670
8673
8674
8675
8676
8677
8678
8679
8680
8682
8683
8684
8685
8687
8688
8689
8690
8691
8693
8694
8695
8696
8697
8698
8699
8700
8701
8708
8712
8716
8717
8718
8719
8720
8721
8723
8724
8725
8726
8727
8728
8729
8730
8731
8734
8735
8736
8738
8739
8740
8741
8742
8743
8744
8745
8746
8747
8749
8750
8751
8754
8755
8756
8757
8759
8760
8761
8762
8763
8766
8767
8768
8769
8770
8771
8772
8773
8774
8775
8776
8777
8778
8779
8780
8781
8782
8783
8784
8785
8786
8787
8788
8789
8790
8792
8793
8794
8795
8796
8798
8799
8800
8801
8802
8803
8804
8805
8806
8807
8808
8809
8811
8813
8814
8815
8816
8817
8818
8819
8820
8821
8822
8823
8824
8825
8826
8827
8828
8829
8830
8831
8832
8833
8834
8835
8836
8837
8838
8839
8840
8841
8842
8843
8844
8846
8847
8848
8849
8850
8851
8852
8853
8854
8855
8856
8857
8858
8859
8860
8861
8862
8863
8864
8865
8866
8867
8868
8869
8871
8872
8874
8875
8876
8877
8879
8880
8881
8882
8885
8886
8887
8888
8889
8890
8891
8892
8893
8894
8895
8896
8897
8898
8899
8900
8902
8904
8905
8906
8907
8908
8910
8911
8913
8915
8917
8919
8927
8930
8931
8932
8933
8934
8935
8936
8937
8939
8940
8941
8943
8944
8948
8950
8952
8953
8954
8955
8956
8957
8958
8959
8960
8961
8962
8963
8964
8965
8966
8967
8968
8969
8970
8971
8972
8973
8974
8975
8976
8977
8978
8979
8980
8981
8982
8983
8985
8986
8987
8988
8991
8993
8994
8995
8996
8997
8998
9001
9003
9004
9005
9006
9007
9008
9009
9010
9013
9015
9017
9018
9020
9021
9022
9023
9024
9026
9027
9032
9034
9036
9037
9039
9040
9041
9042
9043
9044
9045
9047
9048
9049
9050
9052
9055
9057
9058
9059
9060
9062
9066
9068
9070
9073
9075
9080
9083
9085
9086
9090
9091
9095
9096
9101
9102
9103
9108
9113
9114
9126
9129
9142
9143
9144
9145
9147
9148
9151
9154
9155
9156
9157
9158
9161
9163
9168
9169
9171
9176
9177
9179
9182
9183
9188
9189
9191
9192
9198
9199
9202
9211
9213
9216
9218
9222
9223
9224
9225
9226
9228
9229
9230
9231
9232
9233
9235
9239
9243
9246
9248
9258
9261
9262
9266
9270
9271
9274
9275
9276
9278
9280
9283
9288
9298
9299
9300
9302
9303
9305
9306
9307
9309
9310
9311
9313
9315
9319
9320
9321
9322
9323
9324
9325
9327
9329
9330
9332
9333
9335
9341
9344
9345
9347
9348
9350
9352
9356
9357
9358
9363
9364
9366
9367
9368
9381
9382
9384
9385
9386
9387
9388
9390
9397
9398
9399
9403
9407
9410
9414
9415
9417
9418
9419
9420
9421
9422
9423
9425
9427
9428
9429
9430
9431
9432
9433
9435
9436
9437
9438
9439
9440
9441
9442
9443
9445
9446
9447
9452
9455
9456
9458
9459
9460
9461
9462
9464
9468
9469
9470
9479
9485
9486
9487
9488
9489
9491
9493
9495
9496
9498
9499
9500
9505
9506
9510
9511
9512
9514
9515
9517
9518
9523
9525
9526
9527
9530
9531
9532
9533
9534
9535
9537
9538
9539
9540
9547
9551
9552
9556
9557
9559
9560
9561
9562
9563
9564
9565
9566
9568
9569
9571
9573
9574
9575
9576
9577
9579
9580
9581
9583
9584
9586
9589
9593
9601
9604
9606
9608
9609
9610
9611
9612
9613
9614
9615
9616
9617
9618
9619
9620
9621
9623
9624
9625
9626
9627
9628
9629
9630
9631
9632
9633
9634
9635
9636
9637
9638
9639
9640
9641
9644
9645
9646
9647
9650
9651
9653
9654
9655
9658
9659
9661
9662
9663
9665
9666
9667
9668
9671
9672
9677
9678
9679
9681
9682
9684
9686
9687
9688
9689
9691
9692
9695
9696
9699
9700
9703
9704
9707
9708
9709
9710
9711
9712
9713
9714
9715
9716
9718
9719
9720
9721
9723
9725
9726
9729
9730
9733
9737
9738
9741
9744
9746
9753
9754
9757
9763
9768
9769
9775
9778
9785
9790
9798
9803
9806
9814
9816
9833
9836
9839
9845
9847
9849
9850
9851
9853
9857
9859
9867
9869
9870
9873
9877
9878
9879
9880
9881
9882
9884
9885
9886
9896
9897
9899
9901
9906
9907
9909
9918
9920
9921
9922
9923
9924
9925
9926
9927
9929
9932
9934
9935
9936
9939
9941
9942
9943
9946
9947
9948
9982
10013
10021
10022
10023
10024
10025
10026
10027
10028
10029
10030
10034
10036
10038
10039
10041
10042
10047
10050
10055
10056
10057
10058
10059
10060
10061
10062
10064
10065
10072
10073
10078
10079
10080
10081
10082
10083
10087
10091
10096
10099
10100
10108
10112
10114
10115
10116
10125
10128
10131
10132
10133
10134
10135
10136
10138
10139
10140
10141
10142
10143
10145
10147
10150
10151
10155
10159
10160
10161
10163
10164
10165
10166
10169
10171
10172
10174
10175
10176
10177
10184
10186
10189
10190
10191
10193
10196
10197
10198
10199
10209
10211
10212
10213
10214
10215
10216
10217
10221
10223
10227
10228
10229
10230
10232
10235
10236
10238
10239
10240
10241
10242
10243
10247
10250
10253
10254
10255
10258
10260
10262
10263
10264
10265
10266
10267
10269
10273
10274
10275
10276
10277
10278
10280
10281
10282
10284
10286
10288
10289
10290
10291
10292
10293
10294
10297
10299
10300
10301
10303
10304
10306
10308
10309
10310
10319
10320
10321
10323
10325
10365
10368
10377
10380
10390
10391
10392
10396
10397
10398
10401
10403
10408
10417
10425
10426
10428
10430
10432
10434
10435
10440
10441
10445
10446
10447
10450
10452
10455
10456
10459
10460
10461
10463
10464
10465
10466
10469
10471
10472
10473
10475
10476
10479
10483
10484
10485
10486
10488
10491
10502
10503
10505
10508
10517
10519
10522
10524
10525
10527
10531
10532
10534
10539
10544
10548
10550
10552
10553
10556
10558
10559
10561
10562
10563
10564
10568
10569
10570
10571
10572
10573
10578
10581
10582
10584
10587
10590
10594
10595
10597
10604
10605
10609
10613
10615
10625
10627
10630
10633
10639
10644
10646
10649
10650
10653
10657
10667
10668
10684
10686
10688
10694
10697
10698
10703
10704
10711
10713
10717
10721
10722
10723
10729
10730
10731
10732
10738
10739
10740
10743
10748
10749
10750
10752
10754
10755
10757
10759
10764
10769
10788
10789
10792
10795
10800
10801
10809
10816
10818
10823
10826
10827
10831
10832
10834
10835
10837
10840
10847
10850
10851
10857
10859
10860
10863
10866
10867
10868
10869
10870
10871
10872
10874
10876
10877
10878
10879
10880
10881
10882
10884
10885
10886
10887
10888
10889
10890
10891
10892
10894
10895
10896
10899
10902
10905
10906
10908
10909
10910
10911
10912
10914
10918
10919
10920
10928
10931
10934
10935
10936
10937
10939
10941
10943
10944
10946
10947
10948
10953
10954
10958
10959
10960
10962
10963
10965
10967
10972
10974
10975
10976
10979
10980
10981
10982
10983
10984
10986
10987
10988
10989
10996
11000
11001
11005
11006
11008
11009
11010
11011
11012
11013
11014
11015
11017
11018
11020
11022
11023
11024
11025
11026
11028
11029
11030
11032
11033
11035
11038
11042
11050
11053
11055
11058
11061
11062
11063
11064
11065
11066
11067
11068
11069
11073
11075
11076
11077
11078
11079
11080
11081
11082
11084
11085
11086
11087
11088
11089
11090
11092
11093
11094
11095
11097
11098
11099
11100
11101
11102
11103
11104
11105
11106
11108
11111
11112
11118
11119
11120
11121
11122
11123
11124
11125
11127
11128
11130
11131
11132
11135
11136
11137
11138
11139
11140
11146
11148
11150
11152
11160
11163
11164
11168
11171
11176
11178
11180
11181
11182
11184
11185
11187
11190
11191
11192
11193
11194
11195
11201
11203
11204
11205
11206
11208
11211
11212
11218
11220
11222
11225
11230
11231
11232
11233
11235
11236
11237
11239
11240
11241
11242
11243
11245
11246
11248
11249
11250
11253
11254
11255
11256
11258
11259
11261
11262
11264
11265
11266
11275
11276
11278
11282
11285
11286
11288
11294
11296
11297
11298
11299
11300
11301
11302
11303
11304
11305
11306
11308
11309
11310
11311
11312
11313
11314
11318
11320
11321
11322
11325
11326
11327
11329
11330
11332
11333
11334
11336
11337
11338
11339
11340
11341
11342
11346
11347
11348
11349
11350
11352
11353
11354
11358
11360
11361
11362
11365
11366
11367
11368
11369
11370
11371
11373
11374
11375
11376
11377
11379
11380
11382
11383
11384
11385
11386
11387
11388
11389
11390
11392
11393
11394
11395
11396
11399
11405
11406
11407
11408
11409
11410
11411
11413
11414
11415
11418
11419
11420
11421
11422
11424
11425
11426
11427
11428
11429
11430
11431
11432
11433
11434
11437
11438
11443
11444
11445
11446
11447
11449
11451
11452
11453
11454
11455
11456
11461
11464
11465
11466
11467
11469
11470
11474
11475
11476
11477
11478
11479
11482
11483
11484
11485
11486
11487
11489
11490
11491
11493
11494
11495
11496
11497
11498
11500
11501
11502
11503
11504
11507
11508
11511
11512
11513
11514
11515
11516
11517
11518
11520
11521
11522
11524
11525
11526
11527
11528
11529
11530
11531
11532
11533
11534
11535
11536
11537
11538
11539
11540
11541
11542
11543
11544
11545
11546
11547
11548
11549
11550
11551
11552
11553
11554
11556
11557
11558
11559
11560
11561
11562
11564
11565
11566
11567
11568
11569
11571
11572
11573
11574
11575
11576
11577
11578
11579
11580
11581
11582
11583
11584
11585
11586
11587
11588
11589
11590
11592
11594
11595
11596
11597
11599
11600
11601
11604
11605
11606
11607
11608
11609
11610
11613
11617
11619
11620
