6	1
8	1
10	1
14	0
16	1
17	1
20	1
26	0
28	1
29	1
30	1
33	0
34	0
35	0
36	0
37	1
39	0
42	1
43	0
44	0
45	1
46	1
48	1
50	1
53	0
57	0
58	1
61	1
65	0
66	0
73	0
74	0
75	1
76	1
85	0
88	1
91	0
98	1
105	0
107	0
109	0
117	1
120	1
123	1
127	1
128	0
133	0
136	0
137	1
141	0
143	1
144	0
145	0
152	1
154	1
156	0
161	0
162	0
167	1
169	0
181	0
184	1
188	1
189	1
192	1
193	1
194	1
195	1
196	1
198	1
199	1
201	1
202	1
203	1
204	0
206	0
209	0
212	0
214	1
216	0
217	0
218	1
222	0
229	0
232	0
234	0
237	1
241	1
242	0
247	1
250	0
252	1
254	1
255	1
265	1
266	0
270	0
271	0
272	1
273	1
275	0
280	0
282	1
285	0
287	0
293	1
294	0
302	0
303	1
307	1
308	0
316	0
319	0
323	0
324	0
330	0
331	1
345	0
351	1
368	0
369	1
370	0
371	0
377	1
378	0
379	1
381	1
382	1
384	1
385	0
386	1
387	1
388	1
389	1
390	1
391	1
392	1
393	1
394	1
395	1
396	1
398	1
399	1
400	1
401	1
402	1
403	1
404	1
405	1
406	1
407	1
408	1
409	1
410	1
411	1
412	1
413	1
414	1
415	0
416	0
419	0
420	0
421	0
422	0
423	0
426	0
428	0
429	0
431	0
432	0
434	0
435	0
437	0
438	0
440	0
441	0
442	0
443	0
444	0
449	0
453	0
454	0
456	0
457	0
458	0
459	0
460	0
461	1
462	0
465	0
467	0
468	0
469	0
470	0
473	0
474	0
476	1
477	0
478	0
480	1
481	0
482	0
483	0
484	0
485	0
488	0
489	0
490	0
492	1
493	0
494	0
496	0
497	0
498	0
499	0
500	0
501	0
502	0
503	0
505	0
507	0
508	1
509	0
510	0
511	1
512	1
513	1
514	0
515	0
516	0
518	0
519	0
520	0
523	1
524	1
525	1
527	1
528	0
529	0
530	0
532	0
533	1
534	0
535	0
536	1
539	1
540	1
541	1
542	0
543	1
544	0
546	1
547	0
548	1
549	1
552	0
553	0
554	0
555	0
556	1
558	0
559	0
560	1
561	1
562	1
563	1
564	1
566	1
567	0
568	1
569	1
570	1
571	0
573	0
575	0
576	0
577	1
578	0
579	1
580	1
581	0
582	0
583	0
584	0
585	0
586	0
587	1
589	0
590	0
591	0
592	0
593	0
594	0
595	0
598	0
599	0
600	1
601	1
602	1
603	1
604	1
605	1
606	1
607	1
608	0
609	1
610	1
611	1
612	1
613	1
614	0
616	1
617	1
618	1
619	1
620	1
621	1
622	0
623	0
624	1
625	0
626	1
627	1
628	1
629	1
630	1
631	1
632	1
633	1
635	0
636	1
637	0
638	0
639	1
640	1
642	1
643	0
644	0
645	0
646	1
649	1
651	1
652	0
653	0
654	1
655	1
656	1
657	1
658	1
660	1
661	0
662	1
663	1
664	1
665	1
667	1
668	1
669	1
671	1
672	0
673	0
674	0
675	0
676	0
677	0
678	1
679	0
681	0
684	1
685	1
686	0
687	0
690	0
691	1
695	1
697	0
698	1
700	0
701	0
702	0
703	1
704	0
705	0
706	1
707	0
708	1
709	1
710	0
711	1
713	1
716	0
717	1
718	0
719	1
720	0
721	1
722	1
724	1
726	1
727	1
728	0
729	0
731	1
732	0
733	1
734	0
735	1
736	1
737	0
739	1
740	0
741	0
743	0
744	0
747	0
753	0
754	0
758	1
761	0
763	1
764	0
765	0
766	0
767	0
768	1
769	1
771	0
772	1
774	1
777	1
778	1
782	1
785	1
789	1
790	0
791	1
793	1
797	0
801	1
803	1
807	0
808	0
809	0
810	0
812	0
813	0
817	0
819	1
820	1
823	0
824	0
826	1
827	0
829	1
833	1
834	1
835	1
838	0
843	0
850	1
851	0
852	0
853	0
855	1
857	0
860	0
861	0
866	0
867	0
868	0
873	0
876	0
882	1
883	1
884	1
885	0
887	0
888	0
889	0
892	0
895	1
896	0
899	1
900	1
901	1
902	1
903	1
904	1
905	1
906	1
911	1
913	0
914	1
917	1
919	1
922	1
923	1
924	1
927	0
928	0
929	0
931	1
933	0
934	0
936	0
938	0
943	0
944	1
945	0
947	1
949	1
950	1
951	1
952	1
953	0
954	1
956	1
957	1
958	1
962	1
964	1
966	1
967	0
969	0
970	1
977	0
982	1
983	1
984	1
985	1
986	1
987	1
988	1
989	0
991	0
992	1
999	1
1000	1
1005	0
1006	1
1007	1
1008	0
1010	1
1014	1
1018	1
1023	1
1026	0
1027	1
1035	1
1039	1
1041	1
1042	1
1043	1
1052	1
1055	1
1058	1
1059	1
1060	1
1061	1
1062	1
1064	0
1065	1
1066	0
1067	0
1068	1
1069	1
1071	1
1075	0
1076	0
1080	1
1084	1
1085	0
1088	1
1089	1
1090	0
1091	0
1094	0
1096	0
1097	1
1099	1
1100	0
1101	0
1102	0
1111	1
1114	1
1115	0
1116	1
1118	0
1121	1
1122	1
1123	1
1124	1
1134	1
1136	0
1137	0
1138	0
1139	0
1140	0
1141	0
1142	1
1146	1
1147	0
1149	1
1153	1
1154	1
1155	1
1156	1
1160	0
1161	1
1164	0
1165	1
1166	1
1167	0
1171	1
1174	0
1177	1
1178	0
1179	1
1182	1
1186	1
1187	1
1188	1
1189	1
1191	1
1193	1
1197	1
1198	1
1201	0
1202	0
1205	1
1206	1
1208	0
1210	1
1212	1
1213	1
1214	1
1215	0
1216	1
1217	1
1220	0
1223	1
1224	1
1225	1
1227	0
1228	1
1230	0
1232	1
1233	1
1234	1
1235	1
1236	1
1237	1
1238	1
1239	1
1240	1
1243	0
1244	0
1247	0
1249	0
1250	0
1251	0
1252	0
1256	1
1257	1
1258	1
1259	0
1261	0
1263	1
1264	0
1266	0
1267	0
1268	1
1269	0
1270	0
1271	0
1272	1
1277	1
1278	1
1279	0
1281	0
1282	1
1284	0
1285	1
1286	0
1288	0
1289	0
1290	0
1291	0
1292	0
1293	0
1294	0
1300	1
1301	0
1305	0
1306	0
1307	0
1309	0
1310	1
1312	0
1313	0
1314	0
1316	0
1317	1
1318	0
1320	1
1321	0
1322	1
1323	0
1324	0
1326	0
1327	0
1329	1
1330	0
1331	0
1333	0
1335	1
1337	1
1338	1
1340	1
1341	1
1342	1
1345	0
1347	1
1349	0
1350	0
1354	0
1355	0
1356	1
1357	1
1358	1
1359	1
1369	0
1371	1
1372	0
1373	0
1374	1
1377	0
1378	0
1380	0
1381	0
1383	0
1384	0
1385	0
1390	0
1392	0
1394	0
1400	0
1403	1
1407	0
1409	0
1410	0
1412	1
1416	0
1418	0
1421	1
1422	0
1423	0
1426	1
1428	0
1437	0
1443	0
1444	1
1445	0
1446	1
1447	1
1452	1
1454	0
1455	0
1459	0
1460	1
1464	1
1465	0
1467	1
1471	0
1472	0
1473	0
1475	0
1478	1
1479	1
1482	0
1483	1
1486	1
1488	1
1489	0
1491	0
1493	1
1496	0
1497	0
1498	0
1499	1
1500	1
1501	1
1502	1
1505	1
1507	0
1509	1
1510	0
1511	1
1513	0
1516	1
1518	1
1520	0
1521	1
1524	1
1525	1
1527	1
1528	1
1530	0
1532	1
1533	1
1536	1
1537	0
1538	0
1543	1
1544	1
1545	1
1548	1
1549	1
1553	1
1555	1
1556	0
1558	1
1560	1
1561	1
1562	0
1563	1
1564	1
1568	0
1569	0
1572	1
1573	0
1578	1
1582	1
1584	0
1589	1
1591	0
1595	1
1597	0
1598	0
1599	1
1601	1
1602	1
1603	1
1604	1
1606	0
1608	0
1609	1
1612	0
1614	1
1615	1
1616	1
1619	0
1620	1
1621	0
1622	1
1625	1
1626	1
1627	1
1628	1
1629	1
1630	1
1631	0
1636	1
1637	1
1638	1
1646	1
1647	1
1648	1
1649	1
1650	1
1653	0
1654	1
1655	1
1656	1
1657	1
1658	1
1659	1
1660	0
1661	1
1662	0
1664	0
1665	0
1666	0
1667	1
1668	0
1669	1
1670	1
1672	1
1674	1
1675	0
1677	1
1678	1
1679	1
1681	1
1683	0
1684	1
1685	1
1689	0
1691	1
1692	1
1695	1
1698	0
1701	0
1703	0
1707	1
1708	1
1709	1
1715	1
1718	0
1719	0
1723	1
1726	1
1729	1
1734	1
1737	1
1742	1
1743	1
1745	1
1748	1
1749	0
1750	0
1752	1
1754	1
1758	0
1760	1
1763	1
1764	0
1768	1
1769	1
1772	1
1774	1
1780	1
1782	1
1784	1
1785	1
1786	1
1789	1
1790	1
1792	1
1793	1
1797	1
1798	1
1800	1
1801	1
1802	1
1803	1
1804	1
1805	1
1806	1
1807	0
1808	1
1811	0
1813	1
1816	1
1818	1
1831	0
1833	0
1874	1
1875	0
1876	0
1877	1
1878	0
1879	1
1880	1
1881	1
1882	1
1883	0
1884	1
1885	1
1886	1
1887	1
1888	1
1889	1
1891	1
1892	1
1894	1
1896	1
1897	1
1898	1
1900	1
1901	1
1903	1
1904	1
1906	1
1907	1
1910	1
1911	1
1913	0
1914	0
1915	0
1916	0
1918	0
1919	0
1920	0
1921	0
1922	1
1924	0
1926	0
1928	0
1929	0
1930	0
1931	0
1933	1
1934	1
1935	0
1936	0
1937	1
1938	0
1939	0
1941	0
1942	0
1943	1
1944	0
1945	1
1946	0
1947	0
1949	1
1950	0
1951	1
1952	0
1953	1
1954	0
1955	1
1957	1
1959	1
1960	1
1961	1
1962	0
1963	0
1964	0
1965	0
1966	0
1967	0
1968	0
1969	0
1970	0
1974	1
1975	1
1976	0
1977	0
1978	1
1980	0
1981	1
1982	1
1983	0
1986	0
1988	0
1989	0
1990	0
1993	0
1994	0
1995	0
1996	0
1997	0
1998	0
1999	0
2001	0
2002	1
2003	1
2004	0
2005	0
2007	0
2008	0
2010	0
2011	1
2012	0
2013	1
2014	1
2015	1
2016	1
2017	0
2018	0
2020	0
2021	1
2022	1
2023	1
2026	0
2032	0
2033	1
2034	1
2035	0
2036	1
2037	0
2038	0
2040	1
2041	0
2042	0
2045	0
2046	0
2047	0
2048	1
2049	0
2051	0
2053	0
2054	0
2055	0
2057	0
2058	0
2059	1
2060	0
2061	0
2064	0
2065	1
2070	1
2071	0
2072	0
2073	0
2074	0
2076	0
2078	0
2079	0
2080	1
2081	0
2082	0
2083	0
2085	0
2089	0
2092	0
2093	0
2094	0
2095	0
2097	1
2098	0
2102	1
2103	0
2104	0
2105	0
2106	0
2109	0
2110	1
2111	1
2112	1
2113	1
2114	1
2116	1
2117	0
2118	1
2119	0
2121	0
2122	0
2123	0
2124	0
2125	0
2126	1
2128	1
2129	0
2130	0
2131	0
2132	0
2135	0
2136	0
2139	1
2140	0
2141	0
2142	0
2143	1
2144	0
2145	0
2146	0
2148	0
2149	0
2150	0
2152	0
2153	1
2154	1
2155	0
2156	0
2157	0
2158	0
2159	0
2160	0
2161	1
2162	1
2163	1
2164	1
2165	0
2166	0
2167	1
2168	1
2169	1
2170	1
2171	1
2172	1
2173	1
2174	0
2175	0
2177	0
2178	0
2179	1
2180	0
2181	0
2184	0
2185	0
2186	0
2188	0
2189	1
2190	1
2192	0
2193	1
2194	0
2195	0
2196	0
2199	0
2200	0
2201	1
2202	0
2203	0
2204	0
2205	0
2206	0
2207	0
2208	1
2209	0
2210	0
2211	0
2212	0
2213	0
2214	0
2215	0
2216	0
2217	0
2218	0
2219	0
2220	1
2222	0
2224	0
2225	0
2226	0
2227	0
2228	1
2230	1
2231	1
2232	0
2235	0
2236	1
2238	0
2239	0
2240	0
2241	0
2244	0
2250	1
2251	1
2259	0
2260	0
2262	1
2263	1
2264	0
2270	1
2274	1
2275	1
2276	1
2278	0
2279	0
2284	1
2287	1
2289	1
2296	0
2297	0
2300	1
2303	1
2308	0
2314	0
2332	1
2335	1
2336	1
2337	0
2338	1
2340	1
2343	0
2344	1
2345	1
2348	1
2349	1
2352	1
2355	1
2359	0
2361	1
2362	1
2363	1
2368	1
2369	1
2371	1
2372	1
2373	1
2374	1
2375	1
2377	0
2379	1
2385	0
2389	1
2392	1
2394	0
2397	0
2399	1
2400	1
2401	1
2402	1
2407	1
2408	1
2409	1
2410	1
2412	0
2416	1
2417	1
2419	1
2425	1
2427	1
2430	0
2431	1
2434	1
2443	1
2446	1
2447	1
2449	1
2450	1
2453	0
2454	1
2457	1
2468	1
2469	1
2474	1
2488	0
2489	1
2497	1
2498	1
2499	1
2501	1
2504	0
2506	0
2507	1
2512	0
2513	1
2519	1
2523	1
2524	1
2525	1
2526	0
2527	1
2528	1
2529	1
2530	1
2531	1
2532	1
2533	1
2534	1
2535	0
2536	0
2537	0
2539	0
2541	0
2542	0
2543	0
2544	0
2545	0
2546	0
2547	0
2548	0
2549	0
2550	0
2551	0
2554	0
2556	0
2557	0
2558	0
2560	0
2561	0
2565	1
2567	0
2570	1
2571	1
2572	0
2573	0
2574	0
2575	0
2576	0
2577	0
2578	1
2580	0
2581	0
2582	0
2583	1
2584	0
2585	1
2586	1
2587	0
2588	0
2589	0
2590	0
2591	0
2592	0
2593	0
2594	0
2595	0
2596	1
2597	0
2598	0
2599	0
2600	1
2601	0
2602	0
2603	1
2604	0
2605	1
2606	1
2607	1
2608	1
2609	1
2611	1
2614	0
2615	0
2616	0
2617	0
2618	1
2619	0
2620	0
2621	0
2622	0
2623	1
2624	1
2625	0
2626	0
2627	0
2628	0
2630	0
2631	0
2632	0
2633	0
2634	0
2635	1
2636	0
2637	1
2643	1
2650	1
2654	1
2658	0
2667	1
2671	0
2675	1
2682	1
2686	0
2692	1
2694	0
2702	1
2703	1
2720	0
2726	0
2728	0
2751	0
2753	0
2754	0
2755	0
2764	0
2766	0
2767	1
2772	0
2779	1
2782	0
2792	0
2797	1
2798	1
2800	1
2801	0
2808	1
2817	1
2819	1
2820	1
2822	0
2824	0
2825	0
2828	0
2829	0
2830	1
2831	1
2834	0
2837	0
2840	0
2843	0
2846	1
2850	0
2853	0
2857	1
2861	1
2862	1
2863	0
2865	1
2867	0
2869	1
2870	1
2871	0
2872	1
2882	0
2883	1
2884	1
2885	0
2886	1
2887	0
2888	1
2890	0
2891	1
2893	0
2894	0
2895	1
2896	1
2897	1
2898	0
2899	0
2900	0
2901	0
2902	0
2903	0
2904	1
2905	0
2908	0
2909	1
2911	1
2912	1
2915	1
2916	1
2917	0
2919	0
2925	0
2926	0
2927	1
2928	0
2929	0
2931	0
2932	0
2933	0
2934	1
2935	0
2936	0
2937	0
2940	1
2941	1
2944	0
2945	0
2946	1
2948	0
2949	0
2951	0
2953	1
2954	0
2956	0
2959	0
2960	0
2961	1
2964	1
2966	1
2967	0
2968	1
2969	0
2970	1
2974	0
2975	0
2977	0
2983	0
2986	1
2993	0
2995	0
2996	0
2998	0
2999	0
3000	0
3001	0
3002	0
3004	0
3005	0
3010	1
3011	1
3014	1
3015	0
3021	1
3024	0
3031	1
3032	1
3033	0
3034	1
3035	1
3036	0
3037	0
3039	1
3042	1
3044	1
3045	1
3046	1
3049	0
3051	0
3052	0
3053	1
3056	0
3057	0
3058	0
3089	1
3121	1
3129	1
3132	1
3135	0
3136	0
3138	1
3139	1
3140	1
3141	0
3143	1
3146	1
3158	1
3159	1
3161	1
3164	0
3173	0
3175	1
3178	1
3180	0
3181	1
3183	1
3187	0
3188	0
3190	1
3195	1
3204	1
3206	0
3208	0
3209	1
3212	1
3214	0
3215	1
3217	0
3218	1
3219	1
3220	1
3223	0
3225	1
3226	1
3227	1
3228	1
3232	1
3236	0
3239	0
3242	0
3245	0
3249	0
3251	1
3253	1
3260	1
3262	0
3266	0
3270	0
3272	0
3282	0
3284	0
3285	0
3288	0
3291	0
3297	1
3301	1
3303	0
3306	0
3309	1
3313	1
3324	1
3325	1
3342	0
3344	0
3350	0
3353	1
3354	1
3359	0
3360	0
3367	0
3369	1
3373	0
3377	1
3378	1
3379	1
3383	0
3384	1
3385	1
3386	1
3387	1
3392	1
3393	1
3394	1
3405	1
3406	0
3407	0
3409	0
3411	1
3412	0
3415	0
3417	1
3419	1
3422	0
3427	0
3448	1
3449	1
3452	1
3460	0
3461	1
3467	0
3474	1
3476	1
3480	1
3481	1
3482	1
3483	1
3484	1
3488	1
3489	1
3491	0
3492	0
3494	1
3497	0
3504	1
3506	0
3507	1
3512	1
3514	1
3515	0
3518	1
3521	1
3522	1
3523	1
3524	1
3525	1
3526	0
3532	0
3533	1
3534	0
3535	0
3536	0
3537	0
3538	0
3540	0
3541	1
3542	1
3557	0
3559	0
3564	0
3565	0
3566	1
3567	0
3568	1
3569	0
3570	0
3571	0
3572	0
3573	1
3574	0
3576	0
3577	1
3578	1
3580	1
3581	1
3583	0
3585	1
3587	1
3588	1
3589	1
3591	1
3593	0
3595	0
3598	0
3601	1
3603	0
3604	1
3605	0
3606	0
3608	1
3610	0
3611	1
3613	1
3614	0
3615	0
3616	0
3617	0
3618	0
3619	0
3620	0
3621	0
3622	0
3623	1
3624	0
3627	0
3628	0
3629	1
3630	1
3631	1
3632	0
3634	0
3635	0
3636	1
3637	0
3638	0
3640	0
3646	0
3647	0
3648	0
3649	1
3650	0
3651	0
3652	1
3653	0
3654	0
3655	1
3656	1
3658	1
3659	0
3663	0
3664	1
3665	0
3669	0
3670	1
3671	1
3672	1
3673	1
3674	0
3675	1
3676	0
3677	0
3678	0
3679	0
3681	1
3684	0
3686	0
3687	0
3688	1
3689	0
3690	0
3692	0
3693	1
3694	1
3695	1
3696	1
3697	1
3698	1
3699	1
3700	1
3701	1
3702	1
3705	1
3706	0
3707	1
3709	1
3710	1
3711	1
3712	1
3713	1
3714	1
3715	0
3716	1
3717	1
3718	1
3720	1
3722	0
3723	1
3724	1
3725	1
3729	0
3730	1
3733	0
3736	1
3737	1
3738	0
3739	0
3740	0
3741	1
3742	1
3743	0
3744	1
3745	1
3746	1
3747	1
3749	1
3750	1
3751	1
3752	1
3753	1
3754	1
3755	1
3756	1
3757	1
3758	1
3759	1
3760	0
3761	1
3762	1
3763	0
3764	0
3765	1
3766	1
3767	1
3768	1
3769	0
3771	1
3772	1
3773	1
3774	1
3775	1
3776	0
3777	1
3778	0
3779	1
3780	1
3781	1
3782	0
3783	1
3784	1
3785	1
3787	1
3788	1
3789	1
3790	0
3792	1
3793	1
3794	1
3795	1
3796	1
3797	1
3798	1
3799	1
3800	0
3801	0
3802	1
3803	1
3804	0
3805	1
3806	1
3807	1
3808	1
3810	1
3811	1
3812	1
3816	1
3817	1
3820	1
3821	1
3822	1
3825	1
3828	1
3830	1
3832	1
3835	1
3837	1
3839	1
3841	1
3842	1
3844	1
3846	1
3848	1
3849	1
3851	1
3853	1
3854	0
3855	0
3857	1
3859	1
3861	1
3864	1
3866	1
3869	1
3874	1
3877	1
3880	1
3882	1
3884	1
3888	1
3891	1
3894	1
3897	1
3900	1
3903	1
3906	1
3909	1
3912	1
3915	1
3918	1
3921	1
3924	1
3928	1
3932	1
3936	1
3940	1
3944	1
3948	1
3952	1
3955	1
3956	1
3958	1
3962	1
3966	1
3967	1
3971	1
3977	1
3982	1
3986	1
3990	1
3994	1
3995	1
4000	1
4005	1
4006	1
4011	1
4012	1
4016	1
4017	1
4022	1
4023	1
4027	0
4030	1
4031	1
4036	1
4037	1
4040	1
4043	1
4044	1
4048	1
4049	1
4053	1
4054	1
4058	1
4059	1
4064	1
4065	0
4066	1
4070	1
4071	1
4072	1
4077	1
4078	1
4083	1
4084	1
4089	1
4090	1
4094	1
4095	1
4099	1
4100	1
4105	1
4106	1
4111	1
4112	1
4117	1
4118	1
4124	1
4125	1
4130	1
4131	1
4136	1
4137	1
4141	1
4142	1
4147	1
4148	1
4153	1
4154	1
4158	1
4159	1
4164	1
4165	1
4169	1
4170	1
4175	1
4176	1
4181	1
4182	1
4186	1
4187	1
4191	1
4192	1
4196	1
4197	1
4202	1
4203	1
4207	1
4208	1
4213	1
4214	1
4217	1
4218	0
4219	1
4220	1
4223	1
4224	0
4225	1
4226	1
4230	1
4231	1
4234	1
4235	1
4238	1
4239	1
4243	1
4244	1
4248	1
4249	1
4252	1
4253	1
4256	1
4257	1
4260	1
4261	1
4262	1
4265	1
4266	1
4270	1
4271	1
4276	1
4277	1
4280	1
4281	1
4285	1
4286	1
4290	1
4291	1
4294	1
4295	1
4299	1
4300	1
4305	1
4306	1
4309	1
4310	1
4313	1
4314	1
4317	1
4318	1
4322	1
4323	1
4327	1
4328	1
4331	1
4332	1
4335	0
4336	1
4337	1
4340	1
4341	1
4344	1
4345	1
4348	1
4349	1
4352	1
4353	1
4356	1
4357	1
4360	1
4361	1
4364	1
4365	1
4368	1
4369	1
4372	1
4373	1
4376	1
4378	1
4379	1
4382	1
4383	1
4386	1
4387	1
4390	1
4391	1
4395	1
4396	1
4400	1
4401	1
4405	1
4406	1
4409	1
4410	1
4413	1
4414	1
4418	1
4419	1
4420	1
4424	1
4425	1
4428	1
4429	1
4432	1
4433	1
4436	1
4438	1
4439	1
4444	1
4445	1
4448	0
4449	1
4450	1
4453	1
4454	1
4457	1
4458	1
4461	1
4462	1
4465	1
4466	1
4469	1
4470	1
4473	1
4474	1
4477	1
4478	1
4481	1
4483	1
4484	1
4487	1
4488	1
4491	1
4492	1
4495	1
4496	1
4497	1
4500	1
4501	1
4504	1
4505	1
4508	1
4509	1
4512	1
4514	1
4515	1
4518	1
4519	1
4520	1
4521	1
4524	1
4525	1
4528	1
4529	1
4532	1
4533	1
4537	1
4538	1
4541	1
4542	1
4545	1
4546	1
4550	1
4551	1
4554	1
4555	1
4558	1
4559	1
4563	1
4564	1
4567	0
4569	1
4570	1
4573	1
4574	1
4578	1
4579	1
4583	1
4584	1
4587	0
4588	1
4589	1
4592	1
4593	1
4597	1
4598	1
4601	1
4602	1
4607	1
4608	1
4611	1
4612	1
4616	1
4617	1
4620	1
4622	1
4623	1
4626	1
4627	1
4630	1
4631	1
4635	1
4636	1
4639	1
4640	1
4643	1
4645	1
4646	1
4649	1
4651	1
4652	1
4656	1
4657	1
4661	1
4662	1
4666	1
4667	1
4670	1
4671	1
4674	1
4676	1
4677	1
4680	1
4681	1
4684	1
4685	1
4689	1
4690	1
4694	1
4695	1
4698	1
4699	1
4702	1
4703	1
4704	1
4708	1
4709	1
4713	1
4714	1
4717	1
4719	1
4720	1
4723	1
4724	1
4727	1
4728	1
4732	1
4733	1
4737	1
4738	1
4742	1
4743	1
4746	1
4747	1
4750	1
4752	1
4753	1
4758	1
4759	1
4763	1
4764	1
4768	1
4769	1
4773	1
4774	1
4777	1
4778	1
4782	1
4783	1
4786	1
4787	1
4790	1
4791	1
4794	0
4795	0
4796	1
4797	1
4800	1
4801	1
4805	1
4806	1
4809	1
4810	1
4814	1
4815	1
4819	1
4820	1
4824	1
4825	1
4828	1
4829	1
4833	1
4834	1
4837	1
4838	1
4839	1
4843	1
4844	1
4848	1
4849	1
4853	1
4854	1
4858	1
4859	1
4862	1
4863	1
4866	1
4868	1
4869	1
4873	1
4874	1
4878	1
4879	1
4882	1
4883	1
4887	1
4888	1
4891	1
4892	1
4895	1
4896	1
4899	0
4901	1
4902	1
4907	1
4908	1
4911	1
4912	1
4915	0
4916	1
4917	1
4920	1
4921	1
4924	1
4925	1
4928	1
4929	1
4933	1
4934	1
4938	1
4939	1
4942	1
4943	1
4946	0
4947	1
4948	1
4952	1
4953	1
4957	1
4958	1
4961	1
4962	1
4963	1
4967	1
4968	1
4971	1
4972	1
4975	1
4977	1
4978	1
4981	1
4982	1
4983	1
4986	1
4987	1
4991	1
4992	0
4996	1
4997	0
5001	1
5002	1
5005	0
5006	1
5007	1
5008	1
5011	1
5012	1
5016	1
5017	1
5021	1
5022	1
5025	1
5027	1
5028	1
5032	1
5033	1
5037	1
5038	1
5042	1
5043	1
5047	1
5048	1
5051	0
5053	1
5054	1
5057	1
5058	1
5062	1
5063	1
5066	1
5067	1
5071	1
5072	1
5075	0
5076	0
5077	0
5079	1
5080	1
5084	0
5086	1
5087	1
5091	1
5092	1
5095	1
5097	1
5098	1
5101	1
5103	1
5104	1
5107	1
5108	1
5109	1
5113	1
5114	1
5118	1
5119	1
5124	1
5125	1
5129	1
5130	1
5133	0
5135	1
5136	1
5139	1
5140	1
5144	1
5145	1
5148	1
5149	1
5153	1
5154	1
5155	1
5159	1
5160	1
5163	1
5165	1
5166	1
5167	0
5169	1
5170	1
5174	1
5175	1
5178	1
5180	1
5181	1
5184	1
5185	1
5189	1
5190	1
5194	1
5195	1
5199	0
5200	1
5201	1
5206	1
5207	1
5211	1
5212	1
5217	1
5218	1
5223	0
5224	1
5225	1
5229	1
5231	1
5232	1
5238	1
5239	1
5243	1
5244	1
5249	1
5250	1
5255	1
5256	1
5261	1
5262	1
5266	1
5267	1
5271	1
5272	1
5276	0
5277	1
5278	1
5282	1
5283	1
5287	1
5288	1
5292	1
5293	1
5298	1
5299	1
5303	1
5304	1
5308	1
5309	1
5314	1
5315	1
5319	1
5322	1
5323	1
5327	1
5328	1
5332	1
5333	0
5335	1
5336	1
5341	1
5342	1
5347	1
5348	1
5352	1
5353	1
5357	1
5358	1
5359	1
5363	1
5364	0
5365	1
5366	1
5370	1
5371	1
5376	1
5377	1
5381	1
5382	1
5386	1
5387	1
5391	1
5392	1
5394	1
5395	1
5399	1
5400	1
5404	0
5405	1
5406	1
5410	1
5411	1
5415	1
5416	1
5417	1
5420	1
5423	1
5424	1
5428	1
5429	1
5430	1
5434	1
5435	1
5436	1
5440	1
5441	1
5442	1
5443	1
5444	1
5448	1
5449	1
5454	1
5455	1
5460	1
5461	1
5465	1
5466	1
5470	1
5471	1
5476	1
5477	1
5481	0
5482	1
5483	1
5487	1
5488	1
5492	1
5493	1
5498	1
5499	1
5503	1
5504	1
5508	1
5509	1
5514	1
5515	1
5520	1
5521	1
5526	1
5527	1
5532	1
5533	1
5538	1
5539	1
5543	1
5544	1
5548	1
5549	1
5553	1
5556	1
5557	1
5561	1
5562	1
5566	1
5567	1
5571	1
5572	1
5573	1
5577	1
5578	1
5583	1
5584	1
5588	1
5589	1
5593	1
5594	1
5598	1
5599	1
5603	1
5604	1
5608	1
5609	1
5610	1
5611	1
5615	1
5616	1
5620	1
5621	1
5625	1
5627	1
5628	1
5633	1
5634	1
5639	1
5640	1
5645	1
5646	1
5650	1
5652	1
5653	1
5654	1
5658	1
5659	1
5660	1
5664	1
5665	1
5666	1
5670	1
5671	1
5675	1
5676	1
5680	1
5681	1
5682	1
5683	1
5687	1
5688	1
5692	1
5693	1
5694	0
5695	0
5696	0
5698	1
5701	0
5703	1
5704	1
5705	1
5706	0
5707	1
5708	0
5711	0
5712	0
5713	1
5714	1
5715	0
5716	0
5717	0
5718	0
5719	0
5720	0
5723	0
5725	0
5726	0
5728	0
5729	1
5730	0
5731	0
5732	0
5733	1
5734	0
5736	0
5737	1
5738	0
5739	1
5740	0
5741	0
5742	1
5743	0
5744	0
5746	0
5747	1
5748	0
5749	0
5750	0
5751	0
5752	0
5753	1
5754	1
5755	1
5757	1
5759	0
5762	1
5764	0
5765	0
5768	1
5769	0
5770	1
5771	0
5772	0
5774	0
5775	1
5778	0
5779	0
5780	0
5781	0
5783	1
5784	0
5785	0
5786	0
5787	0
5788	1
5789	0
5790	0
5791	0
5792	0
5793	0
5796	0
5797	0
5798	0
5799	0
5800	1
5801	0
5802	0
5803	0
5804	0
5805	1
5806	0
5807	0
5809	0
5814	0
5815	0
5817	0
5819	1
5822	0
5823	0
5828	0
5829	1
5830	1
5831	1
5833	0
5836	0
5837	0
5838	0
5841	0
5842	1
5843	1
5844	1
5845	1
5846	1
5847	1
5848	0
5850	1
5851	1
5852	1
5853	1
5854	1
5862	0
5863	0
5873	0
5877	0
5878	0
5882	1
5883	0
5886	1
5887	0
5891	0
5896	0
5902	1
5908	0
5909	0
5911	0
5914	0
5917	1
5923	0
5924	0
5926	0
5929	0
5930	1
5934	0
5938	1
5959	0
5961	1
5962	0
5964	0
5966	0
5967	0
5969	1
5970	0
5973	0
5980	0
5982	1
5986	1
5989	1
5990	1
5993	0
5994	0
5995	0
5996	0
5997	0
5999	0
6000	0
6001	0
6003	0
6004	0
6006	1
6007	1
6008	0
6011	1
6012	1
6016	0
6017	0
6018	0
6019	0
6020	0
6021	1
6022	1
6023	0
6024	0
6026	1
6027	0
6028	1
6029	1
6031	1
6032	1
6033	1
6035	1
6036	0
6037	1
6038	0
6039	1
6041	0
6042	0
6043	0
6045	0
6047	0
6048	0
6050	0
6051	1
6052	0
6053	0
6056	0
6057	0
6058	0
6061	0
6062	0
6063	0
6064	0
6065	0
6066	0
6072	0
6073	0
6076	0
6077	0
6078	0
6080	0
6081	0
6082	0
6083	1
6084	0
6085	0
6086	0
6087	0
6089	0
6090	1
6091	0
6092	0
6093	0
6094	0
6095	0
6096	0
6097	0
6098	0
6100	0
6101	0
6102	0
6103	1
6104	0
6108	0
6109	0
6110	0
6111	0
6112	0
6113	1
6115	1
6116	0
6118	0
6119	0
6121	1
6123	0
6124	0
6125	0
6126	1
6127	1
6128	0
6129	1
6130	0
6131	0
6132	1
6133	0
6134	0
6137	0
6139	0
6140	0
6141	0
6144	0
6145	0
6146	0
6147	0
6148	1
6149	0
6153	0
6154	1
6155	1
6156	1
6157	0
6158	1
6159	1
6160	1
6161	0
6163	0
6165	0
6166	1
6167	1
6171	1
6172	1
6173	1
6177	1
6178	1
6179	1
6180	1
6183	0
6185	0
6186	1
6187	1
6188	0
6189	0
6191	0
6193	1
6195	0
6196	0
6197	0
6199	0
6200	0
6201	1
6202	0
6204	0
6205	0
6206	0
6207	0
6208	1
6209	0
6210	0
6211	1
6212	0
6213	0
6214	0
6215	0
6216	1
6217	1
6218	0
6219	1
6220	1
6221	1
6222	0
6223	0
6224	0
6225	1
6226	1
6227	0
6229	0
6230	1
6231	1
6232	0
6233	1
6235	0
6236	0
6237	0
6238	1
6239	1
6241	0
6242	0
6244	0
6246	0
6248	0
6249	0
6250	0
6251	0
6252	0
6254	1
6257	1
6258	0
6259	1
6261	1
6262	1
6263	0
6264	1
6265	0
6266	0
6267	0
6269	0
6270	0
6271	0
6272	0
6273	1
6274	1
6275	0
6276	1
6277	1
6278	1
6279	0
6280	0
6281	1
6282	1
6284	0
6285	0
6286	0
6287	0
6288	0
6289	0
6293	1
6294	0
6295	1
6296	1
6298	1
6299	0
6300	0
6301	0
6302	0
6303	0
6304	0
6305	0
6311	1
6312	0
6313	1
6314	1
6317	1
6318	1
6320	0
6323	0
6324	0
6325	1
6327	1
6328	1
6334	0
6335	0
6336	0
6337	0
6340	0
6341	1
6342	0
6343	0
6344	0
6347	0
6348	0
6349	1
6351	0
6352	1
6353	0
6354	0
6356	0
6357	0
6358	0
6360	0
6361	0
6362	0
6363	0
6364	0
6365	0
6366	0
6368	0
6371	0
6372	0
6373	0
6376	0
6377	0
6379	0
6380	0
6383	1
6384	1
6385	0
6390	1
6394	0
6395	0
6397	0
6399	0
6401	0
6402	0
6405	0
6407	0
6409	1
6411	0
6412	0
6413	0
6414	0
6415	0
6418	0
6419	0
6420	0
6423	0
6424	0
6425	0
6426	1
6428	0
6429	0
6431	1
6433	0
6434	0
6435	0
6436	0
6437	1
6438	1
6439	1
6440	0
6441	0
6442	0
6443	0
6444	0
6445	0
6448	0
6449	0
6450	1
6451	0
6452	0
6453	0
6454	0
6455	0
6456	0
6457	0
6458	0
6459	0
6460	0
6461	1
6462	1
6463	1
6464	1
6465	0
6466	0
6467	0
6468	0
6469	1
6470	1
6471	1
6473	0
6475	0
6476	0
6477	1
6478	0
6479	1
6480	0
6481	0
6482	0
6483	0
6486	0
6487	0
6488	0
6489	0
6490	0
6491	0
6493	0
6494	0
6495	1
6497	0
6498	0
6499	0
6500	0
6501	0
6502	0
6507	0
6508	0
6509	0
6510	0
6512	0
6513	0
6514	1
6515	1
6516	1
6517	0
6518	0
6519	0
6520	0
6521	1
6522	0
6523	0
6524	1
6525	0
6526	1
6527	1
6529	0
6531	0
6532	0
6533	0
6534	0
6535	0
6536	0
6537	0
6538	1
6539	0
6540	1
6542	0
6543	0
6544	0
6545	0
6546	1
6547	0
6548	0
6549	0
6551	0
6552	0
6554	0
6555	1
6556	1
6557	0
6558	1
6559	0
6562	0
6563	1
6564	1
6566	0
6567	0
6568	0
6570	0
6571	0
6573	0
6574	1
6575	0
6576	1
6579	1
6580	1
6581	1
6582	0
6584	0
6585	0
6586	0
6587	0
6588	1
6589	0
6590	0
6591	0
6592	0
6593	0
6594	0
6595	0
6596	0
6597	0
6598	0
6599	1
6600	0
6601	0
6602	0
6603	0
6604	1
6605	0
6606	1
6608	0
6609	1
6611	0
6612	0
6613	0
6614	0
6615	0
6616	0
6617	1
6620	0
6621	0
6622	0
6623	1
6625	0
6626	0
6627	0
6628	0
6629	0
6631	0
6632	0
6633	0
6634	0
6635	0
6636	0
6637	0
6638	0
6639	0
6640	0
6641	0
6643	0
6644	0
6645	1
6646	1
6647	0
6648	0
6649	0
6650	0
6651	1
6652	0
6653	0
6655	0
6656	0
6658	0
6659	0
6660	0
6661	0
6662	0
6663	0
6664	0
6665	0
6667	1
6669	0
6670	0
6672	0
6673	1
6674	1
6676	0
6677	1
6678	1
6679	1
6680	0
6681	0
6682	0
6683	0
6687	1
6688	0
6689	0
6690	0
6691	0
6692	1
6695	1
6697	0
6701	1
6702	0
6703	0
6704	0
6705	0
6706	0
6707	0
6708	0
6709	1
6710	0
6711	0
6712	0
6713	0
6714	0
6715	0
6716	0
6717	0
6719	0
6720	0
6721	0
6722	0
6723	0
6724	0
6725	1
6728	1
6729	1
6731	0
6732	0
6733	0
6735	1
6736	1
6738	1
6739	0
6740	0
6741	1
6742	1
6743	1
6744	0
6745	0
6746	0
6747	1
6748	0
6749	1
6750	1
6751	1
6752	1
6753	1
6754	1
6755	1
6757	0
6759	0
6761	0
6762	1
6763	1
6765	0
6768	1
6769	0
6771	0
6772	1
6773	1
6774	1
6777	0
6779	1
6780	1
6781	1
6782	1
6783	0
6784	0
6786	1
6790	1
6791	0
6792	1
6793	0
6794	0
6795	0
6797	1
6798	1
6801	0
6802	0
6804	1
6806	1
6807	1
6808	1
6809	1
6811	1
6812	1
6813	1
6814	0
6815	0
6816	0
6817	1
6818	1
6820	1
6821	1
6823	1
6825	0
6826	1
6827	1
6830	0
6831	1
6833	1
6834	0
6835	1
6836	0
6837	1
6839	0
6841	0
6842	1
6843	0
6845	1
6846	0
6847	0
6850	0
6851	0
6852	1
6853	1
6854	0
6855	1
6856	1
6857	1
6858	0
6859	1
6862	1
6865	1
6866	1
6868	1
6869	1
6870	1
6871	1
6886	0
6888	0
6889	0
6890	0
6892	0
6893	0
6894	0
6895	0
6896	0
6897	0
6900	0
6902	0
6904	0
6905	0
6908	0
6909	0
6910	0
6912	0
6913	0
6914	0
6915	0
6916	0
6917	0
6918	0
6919	0
6920	0
6921	0
6923	0
6924	0
6925	0
6927	0
6929	0
6930	0
6931	0
6932	1
6933	0
6934	1
6937	0
6939	0
6942	0
6943	0
6944	0
6945	0
6947	0
6951	0
6953	0
6954	0
6955	0
6956	0
6957	0
6959	0
6960	0
6961	0
6962	0
6963	0
6964	0
6968	0
6969	0
6972	0
6973	0
6974	0
6975	0
6977	0
6978	0
6979	0
6980	1
6981	1
6982	1
6983	0
6984	1
6985	1
6987	1
6988	0
6990	0
6993	0
6994	0
6996	0
7001	0
7002	1
7003	0
7004	1
7005	0
7007	1
7008	0
7010	0
7011	0
7012	0
7013	1
7018	0
7019	1
7020	1
7021	0
7022	0
7023	0
7024	0
7025	0
7026	0
7027	0
7029	0
7030	0
7031	1
7032	0
7033	0
7034	0
7035	0
7036	0
7037	0
7038	0
7039	0
7040	0
7043	1
7047	0
7049	0
7055	0
7058	0
7059	0
7061	0
7063	0
7064	0
7066	0
7070	0
7072	0
7078	1
7079	0
7081	0
7083	0
7085	0
7086	0
7087	0
7089	0
7090	0
7091	0
7092	0
7093	0
7096	0
7098	1
7101	1
7102	1
7104	1
7106	0
7107	0
7108	0
7110	0
7112	1
7114	0
7115	0
7118	0
7120	0
7123	0
7124	0
7125	1
7129	0
7130	0
7131	0
7132	0
7133	0
7136	1
7138	1
7140	0
7141	0
7142	0
7143	0
7144	0
7145	0
7146	0
7147	0
7148	0
7152	0
7153	0
7159	0
7160	0
7161	0
7162	0
7163	0
7164	0
7166	0
7167	0
7168	1
7169	0
7170	0
7171	1
7172	0
7173	0
7174	0
7175	0
7176	0
7181	0
7182	0
7183	0
7184	0
7185	0
7186	0
7187	0
7188	0
7192	0
7193	0
7196	0
7197	0
7198	1
7199	0
7200	1
7201	1
7202	1
7203	1
7204	1
7205	1
7206	1
7207	1
7208	1
7211	1
7213	1
7214	1
7215	0
7216	1
7217	1
7218	1
7219	1
7220	1
7221	0
7226	0
7227	1
7228	1
7229	1
7230	1
7231	1
7232	1
7233	0
7237	1
7238	1
7239	0
7240	0
7241	0
7242	1
7243	1
7244	1
7245	1
7246	1
7247	1
7248	1
7249	0
7251	1
7252	1
7253	1
7254	1
7255	1
7257	1
7258	1
7259	1
7260	1
7261	1
7262	1
7263	1
7264	1
7265	1
7266	1
7268	0
7270	1
7272	1
7274	1
7277	1
7278	1
7279	1
7281	1
7282	1
7284	1
7285	0
7287	1
7289	0
7291	1
7292	1
7293	1
7294	1
7295	1
7296	1
7297	1
7298	0
7299	1
7301	1
7302	1
7303	1
7304	1
7305	1
7306	1
7307	0
7308	1
7309	0
7310	1
7311	1
7312	1
7313	1
7314	0
7315	0
7316	1
7317	1
7318	1
7319	0
7320	0
7321	1
7322	1
7325	0
7330	0
7331	1
7332	0
7335	1
7336	0
7337	0
7338	1
7339	0
7341	1
7343	1
7344	1
7345	1
7346	1
7348	0
7349	1
7350	1
7351	0
7352	1
7353	1
7354	1
7355	1
7357	1
7358	1
7359	1
7360	1
7361	0
7362	1
7363	1
7365	0
7381	1
7385	1
7388	1
7390	1
7395	0
7423	0
7439	0
7441	0
7442	1
7443	1
7444	1
7445	1
7446	1
7453	1
7454	1
7455	1
7456	1
7460	1
7461	1
7462	1
7463	1
7464	1
7466	1
7467	1
7468	1
7469	1
7470	1
7471	1
7472	1
7473	1
7474	1
7475	1
7476	1
7477	1
7478	1
7479	1
7480	0
7481	0
7482	1
7483	0
7484	1
7485	1
7486	0
7487	1
7488	0
7489	1
7490	0
7491	0
7492	1
7494	0
7495	1
7496	0
7497	0
7498	0
7499	1
7500	1
7501	1
7503	0
7504	0
7505	0
7506	0
7507	0
7508	1
7509	0
7510	1
7511	1
7512	1
7514	1
7515	1
7516	1
7517	1
7520	1
7521	1
7522	1
7528	1
7531	0
7532	0
7533	0
7534	0
7535	0
7536	0
7537	0
7540	0
7541	0
7542	1
7543	1
7544	1
7545	1
7546	0
7547	0
7548	0
7549	0
7551	0
7552	0
7553	1
7554	0
7555	0
7556	0
7557	0
7558	0
7559	0
7560	1
7561	0
7562	1
7564	0
7565	0
7567	1
7568	0
7569	1
7571	0
7572	1
7573	1
7577	0
7581	0
7582	0
7585	0
7586	1
7587	1
7589	1
7590	1
7591	1
7594	1
7595	1
7596	1
7598	0
7599	0
7601	1
7602	1
7603	1
7604	0
7609	0
7618	1
7619	0
7620	1
7621	1
7623	0
7624	0
7626	0
7629	0
7633	0
7640	0
7641	0
7642	0
7646	1
7647	1
7648	0
7652	1
7653	1
7654	1
7656	0
7657	1
7658	1
7662	1
7665	0
7666	1
7668	1
7670	0
7676	0
7689	1
7692	0
7694	1
7700	0
7701	0
7702	0
7704	0
7705	0
7708	0
7709	1
7710	0
7711	0
7712	0
7714	1
7715	1
7716	1
7723	0
7725	0
7728	0
7733	0
7735	0
7736	1
7737	0
7738	0
7739	0
7741	0
7742	0
7743	0
7744	0
7745	1
7746	0
7748	1
7750	0
7751	0
7753	0
7754	0
7756	0
7757	0
7759	0
7760	0
7761	0
7762	0
7764	1
7765	0
7766	0
7768	0
7771	1
7775	0
7779	0
7780	0
7783	0
7784	1
7785	0
7786	1
7787	1
7788	0
7793	0
7794	0
7795	0
7797	0
7798	0
7801	1
7802	1
7803	0
7804	0
7806	0
7807	1
7810	0
7811	0
7813	0
7814	1
7816	0
7818	0
7819	0
7820	0
7821	1
7822	0
7823	1
7825	1
7829	0
7830	0
7831	0
7832	1
7833	1
7834	1
7835	0
7837	0
7838	0
7839	1
7841	1
7842	0
7843	0
7844	0
7845	0
7847	0
7848	1
7849	0
7850	0
7851	0
7852	0
7853	1
7855	0
7856	0
7857	0
7859	0
7860	0
7861	1
7862	0
7864	0
7865	0
7866	0
7867	1
7868	1
7869	0
7870	0
7872	0
7873	1
7874	0
7875	0
7877	0
7878	0
7879	0
7880	1
7882	0
7883	0
7885	0
7886	0
7887	1
7889	0
7890	0
7893	0
7894	1
7895	0
7896	0
7897	0
7898	0
7899	0
7904	1
7906	1
7907	0
7909	1
7911	1
7920	1
7921	1
7922	1
7923	1
7924	1
7925	1
7926	1
7927	1
7928	1
7929	1
7930	1
7931	1
7932	1
7936	1
7937	1
7938	1
7939	1
7940	1
7941	1
7942	1
7943	1
7944	1
7945	1
7946	1
7948	1
7949	1
7950	1
7951	1
7952	1
7953	1
7954	1
7955	1
7956	1
7957	1
7958	1
7959	1
7960	1
7961	1
7962	1
7963	1
7964	1
7965	1
7966	1
7967	1
7968	1
7969	0
7970	0
7971	0
7972	0
7973	0
7976	0
7977	1
7979	0
7980	0
7982	1
7983	0
7984	0
7985	0
7987	0
7989	1
7990	0
7991	1
7992	0
7993	0
7994	1
7996	0
8000	0
8001	0
8002	0
8004	0
8005	0
8006	0
8007	0
8008	0
8010	0
8011	1
8012	1
8016	1
8017	0
8018	0
8021	0
8022	0
8023	0
8025	0
8026	0
8028	0
8029	0
8030	0
8033	1
8034	0
8037	0
8038	0
8040	0
8041	1
8042	0
8043	0
8044	0
8045	1
8046	0
8047	0
8048	1
8051	1
8052	0
8053	0
8054	0
8055	0
8056	0
8057	0
8058	0
8059	1
8060	0
8061	0
8062	0
8063	1
8064	1
8065	0
8066	1
8068	1
8069	1
8071	0
8072	0
8073	0
8074	0
8076	0
8077	1
8078	0
8079	1
8080	0
8082	0
8083	0
8085	1
8086	1
8087	0
8088	0
8089	0
8090	0
8091	0
8092	0
8093	0
8094	0
8095	0
8096	1
8098	0
8099	0
8102	1
8103	0
8104	0
8105	0
8106	0
8110	0
8112	0
8113	1
8116	0
8117	0
8118	1
8119	1
8120	1
8121	1
8122	1
8123	0
8124	0
8125	0
8127	0
8128	0
8130	0
8131	0
8132	1
8133	0
8135	0
8136	0
8137	0
8140	0
8141	0
8142	0
8143	1
8144	1
8145	0
8146	0
8147	0
8148	0
8149	0
8151	0
8152	0
8153	0
8156	0
8158	0
8159	0
8160	0
8161	0
8162	0
8164	0
8167	0
8168	1
8169	0
8171	1
8172	0
8173	0
8176	0
8177	0
8181	0
8182	0
8183	0
8184	0
8185	1
8186	0
8187	0
8188	1
8192	1
8193	0
8194	0
8195	0
8197	0
8198	0
8199	0
8200	0
8202	0
8204	0
8205	0
8206	0
8207	0
8208	0
8209	0
8211	0
8213	0
8216	0
8217	0
8218	0
8219	0
8220	0
8221	0
8223	0
8224	0
8225	0
8226	0
8227	0
8228	0
8229	1
8230	1
8231	0
8232	0
8234	0
8235	0
8236	0
8237	0
8238	0
8239	0
8240	0
8241	1
8242	0
8243	1
8244	0
8245	0
8246	1
8247	0
8248	0
8249	0
8252	0
8253	0
8255	0
8256	0
8260	1
8261	1
8262	1
8263	1
8264	1
8265	1
8266	1
8267	1
8268	0
8269	0
8270	0
8271	0
8272	1
8273	0
8274	0
8275	0
8276	0
8277	0
8278	1
8280	0
8281	0
8283	1
8284	0
8285	0
8287	0
8291	1
8292	0
8294	0
8296	1
8297	1
8298	1
8300	1
8301	0
8302	1
8303	1
8304	0
8305	1
8306	1
8307	0
8308	0
8309	0
8314	0
8316	0
8318	1
8319	1
8321	0
8322	1
8323	1
8326	1
8327	0
8338	0
8343	0
8345	1
8346	0
8348	0
8349	0
8350	1
8351	1
8352	0
8353	1
8354	1
8355	0
8356	0
8357	1
8361	1
8365	1
8367	1
8368	0
8369	0
8370	0
8372	0
8373	0
8375	0
8376	0
8377	0
8378	0
8379	0
8380	0
8383	0
8384	1
8385	1
8386	0
8387	0
8388	1
8389	1
8391	0
8392	0
8393	0
8394	0
8395	1
8397	0
8398	0
8399	0
8400	0
8401	0
8402	0
8403	0
8404	1
8406	0
8407	1
8408	1
8409	0
8410	0
8412	0
8413	0
8414	1
8415	0
8416	0
8417	0
8418	0
8419	0
8420	0
8421	1
8422	0
8423	1
8424	0
8425	0
8426	0
8427	0
8428	1
8429	0
8430	0
8433	0
8434	0
8438	0
8439	1
8440	0
8441	1
8446	1
8447	1
8448	0
8449	0
8450	0
8451	0
8452	0
8454	1
8455	0
8456	0
8457	0
8458	0
8459	1
8460	0
8462	0
8467	0
8468	0
8469	1
8470	0
8472	0
8473	1
8474	1
8475	1
8476	1
8477	1
8478	0
8479	1
8480	0
8481	0
8484	0
8485	1
8487	1
8488	0
8489	1
8490	1
8493	0
8494	0
8495	0
8496	0
8497	0
8499	0
8501	1
8502	0
8503	0
8504	0
8505	0
8506	1
8507	0
8508	0
8509	0
8510	0
8513	0
8514	0
8515	1
8517	0
8518	0
8519	0
8520	1
8521	0
8522	1
8523	0
8524	0
8526	1
8527	1
8528	1
8529	1
8530	1
8532	0
8536	0
8537	0
8539	1
8540	1
8541	0
8542	0
8544	0
8545	1
8548	0
8551	0
8552	1
8553	0
8554	0
8555	0
8556	0
8558	0
8559	0
8560	0
8561	0
8563	0
8564	0
8565	0
8566	1
8568	1
8569	0
8570	1
8571	1
8572	0
8573	0
8574	0
8575	0
8576	0
8577	1
8578	0
8579	1
8580	1
8581	1
8582	1
8583	1
8584	0
8585	0
8586	0
8587	0
8588	0
8589	0
8590	0
8591	0
8593	0
8596	0
8597	0
8598	0
8599	0
8600	0
8601	0
8604	0
8605	1
8606	0
8607	0
8608	0
8609	1
8610	1
8611	0
8612	0
8613	0
8614	0
8616	0
8617	0
8618	0
8624	0
8625	0
8626	0
8627	0
8628	0
8629	0
8630	0
8631	1
8632	0
8633	0
8634	1
8635	0
8636	0
8637	1
8638	0
8639	1
8640	0
8641	0
8642	0
8643	0
8644	0
8648	0
8649	1
8650	0
8652	0
8653	0
8654	0
8655	0
8656	0
8657	0
8658	0
8662	0
8663	0
8666	0
8667	0
8669	0
8670	0
8673	0
8674	1
8675	1
8676	1
8677	1
8678	1
8679	1
8680	0
8682	0
8683	0
8684	0
8685	0
8687	0
8688	0
8689	0
8690	0
8691	0
8693	0
8694	0
8695	0
8696	0
8697	0
8698	0
8699	0
8700	0
8701	0
8708	0
8712	0
8716	0
8717	0
8718	0
8719	0
8720	0
8721	0
8723	0
8725	0
8726	0
8727	1
8728	0
8729	0
8730	0
8731	0
8734	0
8735	0
8736	0
8738	0
8739	0
8740	0
8741	1
8742	0
8743	1
8744	1
8745	0
8746	0
8747	1
8749	0
8750	1
8751	0
8754	1
8755	1
8756	0
8757	1
8759	0
8760	0
8761	0
8762	0
8763	0
8766	0
8767	0
8768	0
8769	0
8770	1
8771	0
8772	1
8773	0
8774	0
8775	0
8776	1
8777	0
8778	0
8779	1
8780	1
8781	1
8782	0
8783	0
8784	0
8785	0
8786	0
8787	0
8788	0
8789	0
8790	1
8792	1
8793	0
8794	0
8795	0
8796	1
8798	0
8799	0
8800	1
8801	1
8802	1
8803	0
8804	0
8805	0
8806	0
8807	0
8808	0
8809	1
8811	0
8813	0
8814	1
8815	1
8816	0
8817	0
8818	1
8819	1
8820	1
8821	1
8822	1
8823	1
8824	0
8825	0
8826	1
8827	0
8828	0
8829	0
8830	0
8831	0
8832	0
8833	0
8834	0
8835	0
8836	0
8837	1
8838	0
8839	1
8840	1
8841	1
8842	0
8843	1
8844	1
8846	1
8847	1
8848	1
8849	0
8850	0
8851	0
8852	0
8853	0
8854	0
8855	1
8856	0
8857	0
8858	0
8859	0
8860	0
8861	0
8862	0
8863	1
8864	0
8865	1
8866	1
8867	0
8868	1
8869	1
8871	0
8872	0
8874	1
8875	0
8876	1
8877	1
8879	1
8880	0
8881	0
8882	0
8885	1
8886	1
8888	1
8889	0
8890	0
8891	0
8892	1
8893	0
8894	1
8895	1
8896	1
8897	1
8898	0
8899	0
8900	0
8902	1
8904	1
8905	1
8906	1
8907	0
8908	0
8910	1
8911	1
8913	1
8915	1
8917	1
8919	1
8927	1
8930	0
8931	0
8932	1
8933	1
8934	1
8935	0
8936	0
8937	1
8939	1
8940	1
8941	1
8943	0
8944	1
8948	1
8950	1
8952	0
8953	1
8954	1
8955	1
8956	1
8957	1
8958	1
8959	0
8960	0
8961	1
8962	1
8963	0
8964	1
8965	1
8966	0
8967	1
8968	0
8969	1
8970	0
8971	1
8972	0
8973	0
8974	1
8975	0
8976	1
8977	0
8978	1
8979	0
8980	1
8981	1
8982	1
8983	0
8985	0
8986	0
8987	0
8988	1
8991	1
8993	0
8994	1
8995	1
8996	0
8997	1
8998	1
9001	1
9003	0
9004	1
9005	1
9006	0
9007	0
9009	1
9010	1
9013	1
9015	1
9017	1
9018	1
9020	1
9021	1
9022	1
9023	0
9024	0
9026	1
9027	0
9032	1
9034	1
9036	1
9037	1
9039	1
9040	1
9041	1
9042	1
9043	1
9044	1
9045	1
9047	1
9048	1
9049	1
9050	1
9052	0
9055	1
9057	1
9058	0
9059	1
9060	0
9062	1
9066	1
9068	1
9070	1
9073	1
9075	1
9080	0
9083	0
9085	1
9086	1
9090	1
9091	1
9095	1
9096	1
9101	1
9102	1
9103	1
9108	0
9113	0
9114	0
9126	1
9129	1
9142	0
9143	1
9144	0
9145	0
9147	0
9148	0
9151	1
9154	1
9155	1
9156	0
9157	0
9158	1
9161	0
9163	0
9168	1
9169	1
9171	0
9176	1
9177	0
9179	1
9182	0
9183	1
9188	0
9189	0
9191	0
9192	1
9198	1
9199	0
9202	0
9211	0
9213	1
9216	0
9218	1
9222	0
9223	1
9224	0
9225	0
9226	0
9228	1
9229	1
9230	1
9231	1
9232	1
9233	0
9235	1
9239	1
9243	1
9246	1
9248	0
9258	1
9261	1
9262	0
9266	0
9270	1
9271	1
9274	0
9275	1
9276	0
9278	1
9280	1
9283	1
9288	0
9298	0
9299	0
9300	0
9302	0
9303	0
9305	0
9306	0
9307	0
9309	0
9310	0
9311	0
9313	0
9315	0
9319	0
9320	0
9321	0
9322	0
9323	0
9324	0
9325	0
9327	0
9329	0
9330	0
9332	0
9333	0
9335	0
9341	0
9344	1
9345	0
9347	1
9348	0
9350	0
9352	0
9356	1
9357	0
9358	0
9363	0
9364	0
9366	1
9367	0
9368	1
9381	1
9382	1
9384	0
9385	1
9386	0
9387	0
9388	0
9390	0
9397	0
9398	0
9399	0
9403	1
9407	0
9410	0
9414	0
9415	0
9417	0
9418	0
9419	0
9420	0
9422	0
9425	0
9427	0
9428	1
9430	1
9431	1
9432	0
9433	1
9435	1
9436	0
9437	0
9438	1
9441	0
9443	1
9445	0
9446	0
9447	1
9452	0
9455	0
9456	0
9458	1
9459	0
9460	0
9461	0
9462	0
9464	0
9468	0
9469	0
9470	0
9479	0
9485	0
9486	0
9487	0
9488	0
9489	1
9491	1
9493	0
9495	1
9496	1
9498	1
9499	0
9500	0
9505	0
9506	0
9510	1
9511	0
9512	0
9514	0
9515	0
9517	1
9518	0
9523	0
9525	0
9526	0
9527	0
9530	0
9531	0
9532	0
9533	0
9534	0
9535	1
9537	1
9538	0
9539	1
9540	0
9547	1
9551	1
9552	0
9557	0
9559	0
9560	1
9561	0
9562	0
9563	0
9564	1
9565	0
9566	0
9568	0
9569	0
9571	0
9573	0
9574	0
9575	0
9576	0
9577	0
9579	0
9580	0
9581	0
9583	0
9584	0
9586	0
9589	1
9593	0
9601	0
9604	0
9606	0
9608	0
9609	1
9610	0
9611	1
9612	1
9613	0
9614	1
9615	1
9616	1
9617	1
9618	1
9619	1
9620	0
9621	1
9623	0
9624	0
9625	0
9626	1
9627	1
9628	1
9629	1
9630	1
9631	0
9632	0
9633	0
9634	0
9635	1
9636	1
9637	0
9638	0
9639	1
9640	1
9641	1
9644	0
9645	0
9646	0
9647	0
9650	0
9651	0
9653	1
9654	0
9655	0
9658	1
9659	1
9661	0
9662	0
9663	0
9665	0
9666	0
9667	0
9668	0
9671	0
9672	1
9677	0
9678	0
9679	0
9681	0
9682	0
9684	0
9686	1
9687	0
9688	0
9689	0
9691	0
9692	0
9695	0
9696	1
9699	0
9700	0
9703	0
9704	0
9707	0
9708	0
9709	0
9710	0
9711	1
9712	0
9713	0
9714	0
9715	1
9716	0
9718	1
9719	0
9720	1
9721	0
9723	0
9725	0
9726	0
9729	0
9730	0
9733	1
9737	0
9738	1
9741	1
9744	1
9746	1
9753	1
9754	0
9757	1
9763	0
9768	0
9769	0
9775	0
9778	1
9785	0
9790	1
9798	1
9803	0
9806	0
9814	0
9816	0
9833	1
9836	1
9839	0
9845	1
9847	0
9849	0
9850	0
9851	0
9853	0
9857	0
9859	0
9867	1
9870	0
9873	0
9877	0
9878	1
9879	0
9880	0
9881	0
9882	0
9884	0
9885	0
9886	0
9896	1
9897	0
9899	0
9901	0
9906	0
9907	0
9909	0
9918	0
9920	0
9921	0
9922	0
9923	1
9924	1
9925	1
9926	0
9927	0
9929	1
9932	1
9934	1
9935	1
9936	1
9939	0
9941	0
9942	0
9943	1
9946	0
9947	0
9948	0
9982	1
10013	1
10021	1
10022	1
10023	1
10024	1
10025	0
10026	1
10028	1
10029	1
10030	1
10034	1
10036	1
10038	1
10039	0
10041	0
10042	1
10047	1
10050	0
10055	1
10056	1
10057	1
10058	1
10059	1
10060	1
10061	1
10062	0
10064	0
10065	1
10072	1
10073	1
10078	0
10079	1
10080	1
10081	0
10083	1
10087	1
10091	1
10096	1
10099	0
10100	1
10108	1
10112	1
10114	1
10115	1
10116	1
10125	1
10128	1
10131	1
10132	1
10133	1
10134	1
10135	1
10136	1
10138	0
10139	1
10140	0
10141	0
10142	1
10143	1
10145	1
10147	0
10150	0
10151	0
10155	1
10159	1
10160	0
10161	1
10163	1
10164	1
10165	0
10166	0
10169	0
10171	0
10172	1
10174	1
10175	0
10176	0
10177	0
10184	0
10186	1
10189	1
10190	0
10191	1
10193	0
10196	1
10197	1
10198	1
10199	1
10209	1
10211	0
10212	0
10213	1
10214	0
10215	0
10216	0
10217	1
10221	0
10223	1
10227	1
10228	1
10229	1
10230	1
10232	1
10235	0
10236	1
10238	0
10239	0
10240	1
10241	1
10242	1
10243	0
10247	1
10250	0
10253	1
10254	0
10255	1
10258	1
10262	1
10263	1
10264	1
10265	1
10266	1
10267	1
10269	1
10273	1
10274	1
10275	1
10276	1
10277	0
10278	0
10281	1
10282	1
10284	0
10286	1
10288	1
10289	1
10290	1
10291	0
10292	0
10293	1
10294	1
10297	0
10299	1
10300	1
10301	1
10303	0
10304	1
10306	0
10308	1
10309	1
10310	1
10319	0
10320	0
10321	0
10323	1
10325	1
10365	1
10368	0
10377	0
10380	1
10390	1
10391	1
10392	0
10396	1
10397	1
10398	1
10401	1
10403	1
10408	0
10417	1
10425	1
10426	1
10428	1
10430	0
10432	1
10434	0
10435	1
10440	1
10441	1
10445	0
10446	0
10447	0
10450	1
10452	0
10455	1
10456	0
10459	0
10460	0
10461	0
10463	1
10464	0
10465	1
10466	1
10469	1
10471	1
10472	0
10473	0
10475	0
10476	1
10479	1
10483	1
10484	1
10485	1
10486	0
10488	1
10491	1
10502	1
10503	1
10505	1
10508	0
10517	0
10519	1
10522	1
10524	0
10525	1
10527	1
10531	0
10532	0
10534	1
10539	1
10548	1
10550	0
10552	0
10553	1
10556	1
10558	0
10559	1
10561	0
10562	1
10563	1
10564	1
10568	0
10570	1
10571	1
10572	1
10573	1
10578	1
10581	0
10584	0
10587	0
10590	0
10594	0
10595	1
10597	1
10604	1
10605	0
10609	0
10613	0
10615	0
10625	0
10627	0
10630	0
10633	0
10639	1
10644	1
10646	0
10649	0
10650	0
10653	1
10657	1
10667	1
10668	1
10684	0
10686	0
10688	0
10694	0
10697	1
10698	1
10703	0
10704	0
10711	0
10713	1
10717	0
10721	1
10722	1
10723	1
10729	1
10730	0
10731	1
10732	1
10738	1
10739	1
10740	1
10743	0
10748	1
10749	0
10750	0
10752	0
10754	1
10755	0
10757	0
10759	1
10764	0
10769	0
10788	1
10789	1
10792	1
10795	0
10800	0
10801	1
10809	0
10816	1
10818	1
10823	1
10826	1
10827	1
10831	1
10832	1
10834	0
10835	0
10837	1
10840	0
10847	1
10850	0
10851	1
10857	1
10859	1
10860	0
10863	1
10866	1
10867	1
10868	1
10869	1
10871	0
10874	0
10876	0
10877	1
10879	1
10880	1
10881	0
10882	1
10884	1
10885	0
10886	0
10887	1
10890	0
10892	1
10894	0
10895	0
10896	1
10899	1
10902	0
10905	0
10906	0
10908	1
10909	0
10910	0
10911	0
10912	0
10914	0
10918	0
10919	0
10920	0
10928	0
10931	0
10934	0
10935	0
10936	0
10937	1
10939	1
10941	0
10943	1
10944	1
10946	1
10947	0
10948	0
10953	0
10954	0
10958	1
10959	0
10960	0
10962	0
10963	0
10965	1
10967	0
10972	0
10974	0
10975	0
10976	0
10979	0
10980	0
10981	0
10982	0
10983	0
10984	1
10986	1
10987	0
10988	1
10989	0
10996	1
11000	1
11001	0
11006	0
11008	0
11009	1
11010	0
11011	0
11012	0
11013	1
11014	0
11015	0
11017	0
11018	0
11020	0
11022	0
11023	0
11024	0
11025	0
11026	0
11028	0
11029	0
11030	0
11032	0
11033	0
11035	0
11038	1
11042	0
11050	0
11053	0
11055	0
11058	1
11061	1
11062	0
11063	1
11064	0
11065	0
11066	1
11067	0
11068	0
11069	0
11073	0
11075	0
11076	0
11077	0
11078	1
11079	0
11080	0
11081	0
11082	0
11084	0
11085	0
11086	1
11087	0
11088	1
11089	0
11090	0
11092	0
11093	0
11094	0
11095	0
11097	1
11098	0
11099	0
11100	1
11101	1
11102	1
11103	0
11104	0
11105	0
11106	0
11108	0
11111	0
11112	0
11118	0
11119	0
11120	0
11121	0
11122	0
11123	0
11124	0
11125	0
11127	0
11128	0
11130	0
11131	0
11135	1
11138	0
11139	0
11140	1
11146	1
11148	1
11150	0
11160	1
11163	1
11164	0
11168	0
11171	1
11176	1
11178	1
11180	1
11181	0
11182	0
11184	0
11185	1
11187	0
11190	1
11191	1
11192	0
11193	0
11194	1
11195	1
11201	1
11203	0
11204	0
11205	0
11206	0
11208	0
11211	0
11212	0
11218	0
11220	0
11222	1
11225	0
11230	0
11231	0
11232	0
11233	1
11235	0
11236	0
11237	1
11239	0
11240	1
11241	0
11242	0
11243	0
11245	0
11246	0
11248	0
11249	0
11250	0
11253	0
11254	0
11255	0
11256	0
11259	1
11261	0
11262	0
11264	0
11265	0
11266	0
11275	1
11276	0
11278	0
11282	1
11285	1
11286	1
11288	1
11294	1
11296	0
11297	0
11298	0
11299	0
11300	0
11301	1
11302	1
11303	1
11304	0
11305	0
11306	0
11308	1
11309	1
11310	1
11311	1
11312	0
11313	1
11314	0
11318	0
11320	1
11321	0
11322	1
11325	0
11326	0
11327	0
11329	0
11330	1
11332	1
11333	0
11334	0
11336	0
11337	0
11338	1
11339	1
11340	1
11341	0
11342	1
11346	0
11347	0
11348	0
11349	0
11350	0
11352	1
11353	1
11354	0
11358	0
11360	0
11361	0
11362	0
11365	0
11366	0
11367	0
11368	0
11369	0
11370	0
11371	0
11373	0
11374	1
11375	1
11376	0
11377	0
11379	0
11380	0
11382	0
11383	1
11384	0
11385	1
11386	1
11387	1
11388	1
11389	0
11390	0
11392	0
11393	1
11394	1
11395	1
11396	0
11399	0
11405	0
11406	1
11407	1
11408	0
11409	1
11410	0
11411	0
11413	1
11414	0
11415	0
11418	0
11419	0
11420	0
11421	1
11422	0
11424	0
11426	0
11427	0
11428	0
11430	0
11431	0
11432	1
11433	0
11434	0
11437	0
11438	1
11443	1
11444	0
11445	0
11446	0
11447	0
11449	0
11451	0
11452	0
11453	1
11454	0
11455	0
11456	0
11461	0
11464	0
11465	0
11466	0
11467	0
11469	1
11470	0
11474	1
11475	0
11476	0
11477	0
11478	0
11479	0
11482	0
11483	1
11484	1
11485	1
11486	1
11487	1
11489	1
11490	0
11491	1
11493	0
11494	0
11495	0
11496	0
11497	0
11498	1
11500	1
11501	0
11502	0
11503	0
11504	0
11507	0
11508	0
11511	1
11512	0
11513	0
11514	0
11515	1
11516	0
11517	0
11518	0
11520	0
11521	0
11522	0
11524	0
11525	1
11526	1
11527	0
11528	0
11529	0
11530	0
11531	0
11532	0
11533	0
11534	0
11535	1
11536	1
11537	1
11538	0
11539	0
11540	1
11541	1
11542	1
11543	1
11544	1
11545	1
11546	1
11547	0
11548	0
11550	0
11551	0
11552	1
11553	0
11554	0
11556	0
11557	0
11558	0
11560	0
11561	1
11562	1
11564	0
11565	1
11566	0
11567	0
11568	0
11571	0
11572	1
11573	0
11574	0
11575	0
11576	0
11577	0
11578	0
11579	0
11580	1
11581	0
11582	0
11583	0
11584	0
11585	0
11586	0
11587	0
11588	0
11589	0
11590	1
11592	0
11594	0
11595	0
11596	0
11597	0
11599	0
11600	1
11601	0
11604	0
11605	1
11607	0
11608	0
11609	0
11610	0
11613	0
11617	0
11619	1
11620	1
