3
4
5
8
9
10
11
14
16
18
26
27
34
35
37
38
39
40
41
42
44
45
46
47
48
49
50
51
52
53
54
55
56
57
58
59
60
61
62
63
64
65
66
67
68
69
70
71
72
73
74
75
76
77
79
80
81
82
83
84
85
86
87
88
89
90
91
92
93
96
103
104
105
107
108
109
110
111
112
113
114
116
117
118
119
120
121
122
123
124
125
126
127
128
129
130
131
132
133
134
135
136
137
138
139
140
141
142
143
144
145
146
147
148
149
150
151
152
153
154
155
156
157
158
159
160
161
162
163
164
165
166
167
168
169
170
171
172
173
174
175
176
177
178
179
180
181
182
183
184
185
186
187
188
189
190
191
192
193
195
196
197
198
199
200
203
207
208
209
210
215
216
217
218
219
220
221
222
223
224
225
226
227
228
229
230
231
232
233
234
235
236
237
238
239
240
241
244
245
246
247
248
249
250
251
252
253
254
255
256
257
258
259
260
261
262
263
264
265
266
267
268
270
271
272
274
278
279
280
281
282
283
284
285
286
287
288
289
290
292
293
294
295
296
297
298
299
301
302
303
306
307
316
317
319
320
323
324
344
345
347
348
350
351
352
353
354
384
408
414
427
432
440
445
452
453
454
455
459
460
462
470
488
489
490
491
494
495
508
511
530
531
535
538
541
562
564
565
571
579
588
589
604
607
608
641
653
687
691
704
708
718
722
723
743
744
748
768
770
771
774
775
776
777
780
784
785
786
815
832
841
842
843
844
849
853
854
855
856
858
867
868
869
870
871
872
873
879
884
885
886
887
888
889
890
891
892
893
894
895
896
897
898
899
900
901
902
904
906
907
908
909
910
912
913
914
915
916
917
918
919
920
922
923
924
925
926
927
928
930
931
932
933
934
936
937
939
940
941
942
944
945
946
947
948
949
950
951
952
953
954
955
956
957
958
959
960
961
962
963
964
965
966
967
968
969
970
971
972
973
974
975
976
977
978
979
980
981
982
983
985
986
987
989
990
991
992
993
994
995
996
997
998
999
1000
1001
1002
1003
1004
1005
1006
1007
1008
1009
1010
1011
1055
1129
1130
1131
1132
1133
1134
1141
1142
1146
1154
1156
1158
1165
1166
1182
1184
1185
1188
1194
1206
1207
1209
1210
1213
1219
1225
1228
1233
1235
1244
1246
1259
1276
1278
1279
1286
1287
1288
1289
1291
1293
1294
1295
1296
1299
1312
1313
1314
1315
1316
1317
1318
1322
1332
1334
1337
1350
1359
1360
1361
1362
1363
1375
1381
1388
1389
1393
1397
1410
1411
1418
1419
1422
1423
1425
1438
1444
1447
1467
1468
1469
1472
1474
1475
1476
1479
1484
1492
1493
1494
1495
1497
1499
1532
1534
1548
1554
1559
1560
1561
1562
1564
1565
1566
1567
1569
1571
1576
1577
1578
1580
1581
1582
1583
1584
1585
1586
1587
1588
1589
1590
1591
1593
1594
1595
1596
1599
1600
1614
1616
1619
1620
1623
1624
1626
1628
1629
1630
1631
1632
1634
1635
1636
1641
1642
1644
1645
1647
1651
1652
1654
1655
1656
1657
1658
1659
1660
1664
1667
1668
1669
1672
1673
1674
1675
1676
1677
1678
1679
1680
1681
1683
1686
1687
1689
1690
1691
1692
1693
1694
1695
1696
1697
1698
1699
1700
1701
1702
1703
1704
1706
1707
1708
1709
1710
1711
1712
1713
1714
1715
1717
1718
1719
1720
1722
1725
1726
1730
1731
1732
1749
1750
1751
1752
1753
1754
1755
1756
1757
1758
1759
1760
1761
1762
1763
1764
1765
1766
1767
1768
1769
1770
1771
1772
1773
1774
1775
1776
1777
1778
1779
1780
1782
1783
1784
1785
1786
1787
1788
1789
1790
1791
1792
1793
1795
1796
1797
1798
1799
1800
1801
1802
1803
1804
1805
1806
1807
1808
1809
1810
1811
1812
1813
1814
1815
1816
1817
1818
1819
1820
1821
1822
1823
1824
1825
1826
1827
1828
1829
1830
1831
1832
1833
1834
1835
1836
1837
1838
1839
1840
1841
1842
1843
1844
1845
1846
1847
1848
1849
1850
1851
1852
1853
1854
1855
1856
1857
1858
1859
1860
1861
1862
1863
1864
1865
1866
1867
1869
1870
1871
1872
1873
1874
1875
1876
1877
1878
1879
1880
1881
1882
1883
1884
1885
1886
1887
1888
1889
1890
1891
1892
1893
1894
1895
1896
1897
1898
1899
1900
1901
1902
1903
1904
1905
1906
1907
1908
1909
1910
1911
1912
1913
1914
1915
1916
1917
1918
1919
1920
1921
1922
1923
1924
1925
1926
1927
1928
1929
1930
1931
1932
1933
1934
1935
1937
1938
1939
1940
1941
1942
1943
1944
1945
1947
1948
1949
1950
1951
1952
1953
1954
1955
1957
1959
1960
1961
1962
1963
1964
1965
1966
1967
1968
1969
1970
1971
1972
1973
1975
1976
1978
1979
1992
2019
2026
2028
2030
2031
2033
2039
2042
2046
2047
2054
2055
2058
2059
2060
2062
2063
2064
2066
2077
2078
2079
2087
2088
2120
2123
2128
2129
2130
2131
2132
2134
2135
2136
2137
2138
2139
2140
2141
2142
2159
2160
2165
2174
2178
2179
2180
2181
2183
2184
2185
2186
2187
2188
2189
2190
2191
2192
2193
2194
2195
2196
2197
2199
2202
2209
2213
2214
2215
2216
2217
2218
2219
2220
2223
2224
2228
2229
2230
2234
2237
2238
2239
2240
2241
2242
2243
2244
2245
2246
2247
2248
2251
2254
2255
2259
2264
2266
2267
2269
2270
2271
2276
2279
2282
2283
2284
2285
2286
2287
2288
2289
2290
2291
2292
2293
2296
2297
2300
2306
2308
2309
2313
2315
2317
2321
2326
2330
2331
2332
2335
2337
2339
2341
2343
2344
2345
2346
2347
2349
2350
2351
2356
2363
2365
2366
2367
2368
2369
2374
2376
2377
2378
2379
2380
2381
2382
2383
2384
2385
2387
2388
2389
2390
2393
2394
2395
2396
2397
2398
2399
2400
2401
2402
2403
2404
2405
2406
2407
2408
2409
2410
2414
2420
2423
2427
2428
2429
2431
2432
2438
2441
2457
2462
2474
2483
2490
2493
2498
2502
2510
2511
2513
2515
2516
2521
2523
2528
2531
2553
2556
2559
2583
2590
2592
2597
2600
2606
2608
2615
2617
2618
2619
2629
2630
2631
2632
2633
2634
2635
2636
2641
2642
2643
2652
2656
2662
2663
2664
2666
2667
2669
2670
2672
2673
2674
2675
2676
2677
2678
2679
2682
2683
2684
2686
2687
2688
2689
2690
2691
2692
2693
2694
2695
2696
2697
2698
2699
2700
2701
2702
2703
2705
2706
2707
2708
2709
2710
2711
2712
2713
2714
2715
2716
2717
2722
2729
2732
2733
2734
2736
2738
2741
2749
2751
2756
2762
2763
2765
2766
2767
2768
2771
2778
2779
2783
2784
2786
2787
2788
2789
2790
2791
2792
2793
2797
2800
2801
2802
2805
2806
2807
2808
2809
2810
2811
2812
2813
2814
2815
2816
2822
2824
2825
2826
2827
2828
2829
2830
2831
2832
2833
2834
2835
2836
2837
2839
2840
2841
2842
2843
2844
2845
2846
2847
2848
2850
2851
2852
2853
2855
2856
2858
2860
2861
2862
2863
2867
2868
2872
2873
2878
2885
2887
2888
2889
2890
2891
2894
2896
2898
2899
2900
2901
2902
2903
2904
2905
2906
2908
2909
2910
2911
2914
2915
2916
2917
2918
2919
2920
2921
2922
2923
2924
2925
2926
2927
2928
2929
2930
2931
2936
2942
2945
2949
2950
2952
2953
2960
2961
2962
2963
2964
2965
2966
2967
2968
2969
2970
2971
2972
2973
2974
2975
2976
2977
2978
2979
2980
2981
2982
2983
2984
2985
2986
2987
2988
2989
2990
2991
2993
2994
2995
2996
2997
2998
2999
3000
3001
3002
3003
3004
3006
3007
3008
3009
3010
3011
3012
3013
3014
3015
3016
3017
3018
3019
3020
3021
3022
3023
3024
3025
3026
3027
3028
3029
3030
3031
3032
3033
3034
3035
3036
3037
3038
3039
3040
3041
3042
3043
3044
3045
3046
3047
3048
3049
3050
3051
3052
3053
3054
3055
3056
3057
3058
3059
3060
3061
3062
3063
3064
3065
3066
3067
3068
3069
3070
3071
3072
3073
3074
3075
3076
3077
3078
3080
3081
3082
3083
3084
3085
3086
3087
3088
3089
3090
3091
3092
3093
3094
3095
3096
3097
3098
3099
3100
3101
3102
3103
3104
3105
3106
3107
3108
3109
3110
3111
3112
3113
3114
3115
3116
3117
3118
3119
3120
3121
3122
3123
3124
3125
3126
3127
3128
3129
3130
3131
3132
3133
3134
3135
3136
3137
3138
3139
3140
3141
3142
3143
3144
3145
3146
3148
3149
3150
3151
3152
3153
3154
3155
3156
3158
3159
3160
3161
3162
3163
3164
3165
3166
3168
3170
3171
3172
3173
3174
3175
3176
3177
3178
3179
3180
3181
3182
3183
3184
3186
3187
3189
3190
3196
3197
3198
3199
3200
3201
3202
3203
3204
3205
3206
3207
3208
3209
3210
3211
3212
3213
3214
3215
3216
3217
3218
3219
3220
3221
3222
3224
3225
3227
3228
3229
3230
3231
3232
3233
3234
3235
3236
3237
3238
3239
3240
3241
3242
3243
3244
3245
3246
3247
3248
3249
3251
3252
3253
3255
3259
3260
3261
3262
3263
3264
3265
3266
3267
3268
3269
3271
3272
3273
3274
3275
3276
3277
3278
3279
3281
3282
3283
3287
3289
3290
3299
3300
3302
3303
3306
3307
3316
3317
3318
3319
3320
3321
3322
3323
3324
3325
3326
3327
3328
3329
3330
3331
3332
3333
3334
3336
3337
3338
3340
3341
3342
3343
3345
3346
3347
3348
3349
3350
3351
3352
3353
3355
3356
3357
3358
3359
3360
3361
3362
3364
3365
3366
3367
3368
3370
3371
3373
3374
3376
3378
3379
3380
3381
3382
3383
3384
3385
3386
3387
3388
3389
3390
3391
3392
3393
3394
3395
3396
3397
3398
3399
3400
3401
3402
3403
3404
3405
3406
3407
3408
3409
3410
3411
3412
3413
3415
3416
3417
3418
3419
3421
3422
3423
3424
3425
3426
3427
3428
3429
3430
3431
3432
3433
3434
3435
3436
3437
3438
3439
3440
3441
3442
3447
3448
3449
3451
3452
3453
3454
3455
3456
3457
3458
3460
3461
3462
3463
3464
3465
3466
3467
3468
3469
3470
3471
3472
3473
3474
3475
3476
3477
3478
3479
3480
3481
3482
3483
3484
3485
3486
3487
3488
3489
3490
3491
3492
3493
3494
3495
3496
3497
3498
3499
3500
3501
3502
3503
3504
3505
3506
3507
3508
3509
3510
3511
3512
3513
3514
3515
3516
3517
3518
3519
3520
3521
3522
3523
3524
3525
3526
3527
3528
3529
3530
3531
3532
3533
3534
3535
3536
3538
3539
3540
3541
3542
3543
3546
3548
3550
3551
3552
3553
3558
3568
3575
3576
3579
3580
3582
3593
3594
3600
3603
3622
3625
3626
3629
