150	0
155	0
182	0
186	0
463	0
479	0
491	0
495	0
521	1
538	0
699	0
748	0
750	0
908	1
940	1
1092	0
1095	0
1375	1
1923	0
1940	0
1991	1
2138	0
2356	1
2663	0
2790	0
2876	0
2880	0
2889	0
2906	0
2910	0
3435	0
3539	0
3543	0
3544	0
3579	0
3818	1
3819	1
3823	1
3824	1
3827	1
3829	1
3831	1
3834	1
3836	1
3838	1
3843	1
3845	1
3847	1
3850	1
3852	1
3856	1
3858	1
3860	1
3862	1
3865	1
3867	1
3868	1
3870	1
3872	1
3873	1
3875	1
3876	1
3878	1
3879	1
3881	1
3883	1
3885	1
3887	1
3889	1
3890	1
3892	1
3893	1
3895	1
3896	1
3898	1
3899	1
3901	1
3902	1
3904	1
3905	1
3907	1
3908	1
3910	1
3911	1
3913	1
3914	1
3916	1
3917	1
3919	1
3920	1
3922	1
3923	1
3925	0
3926	1
3927	1
3929	0
3930	1
3931	1
3933	0
3934	1
3935	1
3937	0
3938	1
3939	1
3941	0
3942	1
3943	1
3945	0
3946	1
3947	1
3949	0
3950	1
3951	1
3953	0
3954	1
3957	1
3959	0
3960	1
3961	1
3963	0
3964	1
3965	1
3968	0
3969	1
3970	1
3972	0
3973	1
3976	1
3978	0
3979	1
3981	1
3983	0
3984	1
3985	1
3987	0
3988	1
3989	1
3991	0
3992	1
3993	1
3996	0
3997	1
3999	1
4001	0
4002	1
4004	1
4007	0
4008	1
4010	1
4013	0
4014	1
4015	1
4018	0
4019	1
4021	1
4024	0
4025	1
4029	1
4032	0
4033	1
4035	1
4038	0
4039	1
4042	1
4045	0
4046	1
4047	1
4050	0
4051	1
4052	1
4055	0
4056	1
4057	1
4060	0
4061	1
4063	1
4067	0
4068	1
4069	1
4073	0
4074	1
4076	1
4079	0
4080	1
4082	1
4085	0
4086	1
4088	1
4091	0
4092	1
4093	1
4096	0
4097	1
4098	1
4101	0
4102	1
4104	1
4107	0
4108	1
4110	1
4113	0
4114	1
4116	1
4119	0
4120	1
4123	1
4126	0
4127	1
4129	1
4132	0
4133	1
4135	1
4138	0
4139	1
4140	1
4143	0
4144	1
4146	1
4149	0
4150	1
4152	1
4155	0
4156	1
4157	1
4160	0
4161	1
4163	1
4166	0
4167	1
4168	1
4171	0
4172	1
4174	1
4177	0
4178	1
4180	1
4183	0
4184	1
4185	1
4188	0
4189	1
4190	1
4193	0
4194	1
4195	1
4198	0
4199	1
4201	1
4204	0
4205	1
4206	1
4209	0
4210	1
4212	1
4215	0
4216	1
4221	0
4222	1
4227	0
4228	1
4232	0
4233	1
4236	0
4237	1
4240	0
4241	1
4245	0
4246	1
4250	0
4251	1
4254	0
4255	1
4258	0
4259	1
4263	0
4264	1
4267	0
4268	1
4272	0
4273	1
4278	0
4279	1
4282	0
4283	1
4287	0
4288	1
4292	0
4293	1
4296	0
4297	1
4301	0
4302	1
4307	0
4308	1
4311	0
4312	1
4315	0
4316	1
4319	0
4320	1
4324	0
4325	1
4329	0
4330	1
4333	0
4334	1
4338	0
4339	1
4342	0
4343	1
4346	0
4347	1
4350	0
4351	1
4354	0
4355	1
4358	0
4359	1
4362	0
4363	1
4366	0
4367	1
4370	0
4371	1
4374	0
4375	1
4380	0
4381	1
4384	0
4385	1
4388	0
4389	1
4392	0
4393	1
4397	0
4398	1
4402	0
4403	1
4407	0
4408	1
4411	0
4412	1
4415	0
4416	1
4421	0
4422	1
4426	0
4427	1
4430	0
4431	1
4434	0
4435	1
4440	0
4441	1
4446	0
4447	1
4451	0
4452	1
4455	0
4456	1
4459	0
4460	1
4463	0
4464	1
4467	0
4468	1
4471	0
4472	1
4475	0
4476	1
4479	0
4480	1
4485	0
4486	1
4489	0
4490	1
4493	0
4494	1
4498	0
4499	1
4502	0
4503	1
4506	0
4507	1
4510	0
4511	1
4516	0
4517	1
4522	0
4523	1
4526	0
4527	1
4530	0
4531	1
4534	0
4535	1
4539	0
4540	1
4543	0
4544	1
4547	0
4548	1
4552	0
4553	1
4556	0
4557	1
4560	0
4561	1
4565	0
4566	1
4571	0
4572	1
4575	0
4576	1
4580	0
4581	1
4585	0
4586	1
4590	0
4591	1
4594	0
4595	1
4599	0
4600	1
4603	0
4604	1
4609	0
4610	1
4613	0
4614	1
4618	0
4619	1
4624	0
4625	1
4628	0
4629	1
4632	0
4633	1
4637	0
4638	1
4641	0
4642	1
4647	0
4648	1
4653	0
4654	1
4658	0
4659	1
4663	0
4664	1
4668	0
4669	1
4672	0
4673	1
4678	0
4679	1
4682	0
4683	1
4686	0
4687	1
4691	0
4692	1
4696	0
4697	1
4700	0
4701	1
4705	0
4706	1
4710	0
4711	1
4715	0
4716	1
4721	0
4722	1
4725	0
4726	1
4729	0
4730	1
4734	0
4735	1
4739	0
4740	1
4744	0
4745	1
4748	0
4749	1
4754	0
4755	1
4760	0
4761	1
4765	0
4766	1
4770	0
4771	1
4775	0
4776	1
4779	0
4780	1
4784	0
4785	1
4788	0
4789	1
4792	0
4793	1
4798	0
4799	1
4802	0
4803	1
4807	0
4808	1
4811	0
4812	1
4816	0
4817	1
4821	0
4822	1
4826	0
4827	1
4830	0
4831	1
4835	0
4836	1
4840	0
4841	1
4845	0
4846	1
4850	0
4851	1
4855	0
4856	1
4860	0
4861	1
4864	0
4865	1
4870	0
4871	1
4875	0
4876	1
4880	0
4881	1
4884	0
4885	1
4889	0
4890	1
4893	0
4894	1
4897	0
4898	1
4903	0
4904	1
4909	0
4910	1
4913	0
4914	1
4918	0
4919	1
4922	0
4923	1
4926	0
4927	1
4930	0
4931	1
4935	0
4936	1
4940	0
4941	1
4944	0
4945	1
4949	0
4950	1
4954	0
4955	1
4959	0
4960	1
4964	0
4965	1
4969	0
4970	1
4973	0
4974	1
4979	0
4980	1
4984	0
4985	1
4988	0
4989	1
4993	0
4994	1
4998	0
4999	1
5003	0
5004	1
5009	0
5010	1
5013	0
5014	1
5018	0
5019	1
5023	0
5024	1
5029	0
5030	1
5034	0
5035	1
5039	0
5040	1
5044	0
5045	1
5049	0
5050	1
5055	0
5056	1
5059	0
5060	1
5064	0
5065	1
5068	0
5069	1
5073	0
5074	1
5081	0
5082	1
5083	1
5088	1
5089	1
5093	0
5094	1
5099	0
5100	1
5105	0
5106	1
5110	0
5111	1
5115	0
5116	1
5120	0
5121	1
5122	1
5126	0
5127	1
5131	0
5132	1
5137	0
5138	1
5141	0
5142	1
5146	0
5147	1
5150	0
5151	1
5152	1
5156	0
5157	1
5161	0
5162	1
5168	1
5171	0
5172	1
5176	0
5177	1
5182	0
5183	1
5186	0
5187	1
5188	0
5191	0
5192	1
5193	0
5196	0
5197	1
5198	0
5202	0
5203	1
5204	0
5208	0
5209	1
5210	0
5213	0
5214	1
5215	0
5219	0
5220	1
5221	0
5226	0
5227	1
5228	0
5233	0
5234	1
5235	0
5240	0
5241	1
5242	0
5245	0
5246	1
5247	0
5251	0
5252	1
5253	0
5257	0
5258	1
5259	0
5263	0
5264	1
5265	0
5268	0
5269	1
5270	0
5273	0
5274	1
5275	0
5279	0
5280	1
5281	0
5284	0
5285	1
5286	0
5289	0
5290	1
5291	0
5294	0
5295	1
5296	0
5300	0
5301	1
5302	0
5305	0
5306	1
5307	0
5310	0
5311	1
5312	0
5316	0
5317	1
5318	0
5324	0
5325	1
5326	0
5329	0
5330	1
5331	0
5337	0
5338	1
5339	0
5343	0
5344	1
5345	0
5349	0
5350	1
5351	0
5354	0
5355	1
5356	0
5360	0
5361	1
5362	0
5367	0
5368	1
5369	0
5372	0
5373	1
5374	0
5378	0
5379	1
5380	0
5383	0
5384	1
5385	0
5388	0
5389	1
5390	0
5396	0
5397	1
5398	0
5401	0
5402	1
5403	0
5407	0
5408	1
5409	0
5412	0
5413	1
5414	0
5418	0
5419	1
5421	0
5425	0
5426	1
5427	0
5431	0
5432	1
5433	0
5437	0
5438	1
5439	0
5445	0
5446	1
5447	0
5450	0
5451	1
5452	0
5456	0
5457	1
5458	0
5462	0
5463	1
5464	0
5467	0
5468	1
5469	0
5472	0
5473	1
5474	0
5478	0
5479	1
5480	0
5484	0
5485	1
5486	0
5489	0
5490	1
5491	0
5494	0
5495	1
5496	0
5500	0
5501	1
5502	0
5505	0
5506	1
5507	0
5510	0
5511	1
5512	0
5516	0
5517	1
5518	0
5522	0
5523	1
5524	0
5528	0
5529	1
5530	0
5534	0
5535	1
5536	0
5540	0
5541	1
5542	0
5545	0
5546	1
5547	0
5550	0
5551	1
5552	0
5558	0
5559	1
5560	0
5563	0
5564	1
5565	0
5568	0
5569	1
5570	0
5574	0
5575	1
5576	0
5579	0
5580	1
5581	0
5585	0
5586	1
5587	0
5590	0
5591	1
5592	0
5595	0
5596	1
5597	0
5600	0
5601	1
5602	0
5605	0
5606	1
5607	0
5612	0
5613	1
5614	0
5617	0
5618	1
5619	0
5622	0
5623	1
5624	0
5629	0
5630	1
5631	0
5635	0
5636	1
5637	0
5641	0
5642	1
5643	0
5647	0
5648	1
5649	0
5655	0
5656	1
5657	0
5661	0
5662	1
5663	0
5667	0
5668	1
5669	0
5672	0
5673	1
5674	0
5677	0
5678	1
5679	0
5684	0
5685	1
5686	0
5689	0
5690	1
5691	0
5767	1
5981	0
5988	0
6322	0
6484	0
6492	0
6541	1
6583	1
6624	1
6756	0
6936	0
7048	0
7103	0
7669	0
7913	0
7914	0
7915	0
7916	0
7917	0
7918	0
7919	0
7935	0
8215	1
8358	0
8668	1
8681	0
8692	0
9130	1
9308	0
9314	0
9318	0
9326	0
9339	0
9340	0
9361	0
9391	0
9392	0
9394	0
9395	0
9400	0
9401	0
9411	0
9412	0
9642	0
9664	0
9675	0
9694	0
9701	0
9727	0
9731	0
9760	1
9861	1
9894	0
10167	0
10170	0
10778	0
11113	0
11363	1
11510	0
