1
5
6
23
36
38
39
41
42
44
45
46
47
48
49
50
51
52
53
57
58
59
63
64
65
66
67
68
69
70
71
72
73
74
75
76
77
78
79
80
81
84
86
87
88
89
90
91
92
93
94
95
96
97
98
99
100
101
102
103
104
105
106
107
108
109
110
111
112
113
114
115
116
117
118
119
120
121
122
123
124
125
126
127
128
129
130
131
132
133
134
135
137
138
139
141
142
143
145
146
147
148
149
150
151
153
155
156
157
159
160
161
162
163
164
165
166
167
168
169
170
171
172
173
174
175
176
177
178
179
180
181
182
183
184
185
186
187
188
189
190
191
192
193
195
196
197
198
200
201
202
203
204
205
206
207
208
209
210
211
212
213
214
216
217
218
219
220
221
222
224
225
226
227
228
229
230
231
232
233
234
235
236
237
238
239
240
241
242
243
244
245
246
247
248
249
250
251
252
253
254
255
256
257
258
259
260
261
262
263
264
265
266
267
268
269
270
271
272
273
274
275
276
277
278
279
280
281
282
283
284
286
287
290
291
292
293
294
295
296
297
298
299
300
301
302
303
304
305
306
307
308
309
310
311
312
313
314
315
316
317
318
319
320
321
322
323
324
325
327
328
329
330
331
332
333
334
335
336
337
338
340
341
342
343
344
346
349
350
351
352
353
354
355
356
357
358
361
362
363
364
365
366
367
368
369
370
371
372
373
374
375
376
377
378
379
380
381
382
385
386
387
388
389
390
391
392
394
395
397
398
401
402
403
404
405
406
407
408
409
410
413
414
415
417
418
419
420
421
422
423
424
426
427
428
429
430
431
433
434
435
436
437
438
439
441
442
443
446
447
451
453
454
461
465
466
467
468
470
471
472
473
474
475
476
477
485
487
488
489
490
491
492
493
496
500
501
502
503
504
505
506
507
508
509
510
511
512
513
514
515
516
517
518
519
520
521
522
523
524
525
526
527
528
529
530
531
532
541
544
548
551
552
555
564
568
570
576
580
581
587
588
591
599
602
604
610
611
612
614
615
616
617
618
619
620
621
622
624
625
626
627
628
629
630
632
633
634
635
636
638
639
640
641
643
644
645
646
647
648
651
652
653
654
656
657
658
659
661
662
663
665
667
668
669
671
674
675
676
677
678
679
680
681
682
684
685
686
688
689
690
691
692
693
694
696
697
698
699
700
701
702
703
704
705
706
707
708
710
711
712
713
714
715
716
717
718
719
720
721
722
723
724
725
726
727
728
729
730
731
732
733
734
735
736
737
738
739
740
741
742
743
744
745
746
747
748
749
750
751
752
753
754
755
756
757
758
759
760
761
762
763
764
765
766
767
768
769
770
771
772
773
774
775
776
777
778
779
780
781
782
783
784
785
786
787
788
789
790
791
792
794
795
796
797
798
799
800
801
803
804
805
806
807
808
809
810
811
812
813
814
815
817
818
819
820
821
822
823
824
825
828
830
831
832
834
835
850
853
854
855
864
865
866
868
869
870
871
879
882
883
885
887
892
904
928
929
930
932
935
936
941
980
995
999
1017
1026
1027
1028
1041
1046
1049
1051
1055
1056
1059
1060
1066
1067
1068
1080
1085
1088
1089
1090
1097
1106
1110
1118
1121
1122
1123
1124
1125
1128
1129
1159
1171
1177
1182
1188
1193
1195
1197
1203
1204
1205
1209
1217
1223
1224
1225
1226
1227
1228
1229
1230
1231
1232
1233
1234
1235
1236
1237
1238
1239
1240
1241
1242
1243
1244
1245
1246
1247
1248
1249
1250
1251
1252
1253
1254
1255
1256
1257
1258
1259
1260
1261
1262
1263
1264
1265
1266
1267
1268
1269
1270
1271
1272
1273
1274
1275
1276
1277
1278
1279
1280
1281
1282
1283
1284
1285
1286
1287
1288
1289
1290
1291
1292
1293
1294
1295
1298
1299
1300
1301
1302
1303
1304
1305
1306
1307
1308
1309
1310
1311
1312
1313
1315
1316
1317
1318
1319
1321
1322
1323
1324
1325
1326
1327
1328
1329
1330
1331
1332
1333
1334
1335
1336
1337
1338
1339
1340
1341
1342
1343
1344
1346
1347
1348
1349
1350
1352
1353
1364
1365
1366
1367
1368
1369
1372
1374
1375
1379
1380
1381
1383
1384
1385
1387
1391
1393
1396
1403
1404
1406
1407
1409
1410
1411
1412
1413
1414
1415
1416
1417
1423
1424
1434
1440
1441
1442
1443
1444
1445
1446
1447
1448
1455
1456
1457
1458
1477
1478
1521
1522
1523
1524
1525
1526
1527
1528
1529
1530
1531
1533
1534
1535
1537
1542
1543
1544
1545
1547
1550
1551
1554
1564
1565
1569
1570
1571
1572
1573
1574
1575
1576
1577
1578
1579
1580
1581
1582
1583
1584
1590
1598
1605
1622
1623
1625
1628
1629
1634
1637
1639
1640
1642
1649
1655
1660
1663
1664
1665
1670
1680
1681
1682
1683
1690
1698
1699
1700
1701
1702
1703
1705
1707
1708
1709
1710
1711
1712
1713
1714
1715
1716
1717
1718
1719
1720
1721
1722
1723
1724
1725
1726
1727
1728
1729
1730
1731
1732
1733
1734
1735
1736
1737
1738
1739
1740
1741
1742
1743
1744
1745
1746
1747
1748
1749
1750
1751
1752
1753
1754
1755
1756
1757
1758
1759
1760
1761
1762
1763
1764
1766
1767
1768
1769
1770
1771
1772
1773
1774
1775
1776
1777
1778
1779
1780
1781
1782
1783
1784
1785
1786
1787
1788
1789
1790
1791
1792
1793
1794
1795
1796
1797
1798
1799
1800
1801
1802
1803
1804
1806
1811
1812
1813
1814
1819
1821
1822
1823
1825
1828
1836
1839
1841
1867
1869
1870
1873
1875
1876
1877
1880
1919
1981
1982
1985
1993
2001
2004
2006
2015
2029
2034
2035
2054
2055
2056
2062
2077
2080
2085
2086
2093
2094
2102
2103
2110
2112
2123
2128
2131
2133
2135
2136
2137
2138
2139
2140
2141
2142
2143
2144
2145
2146
2147
2148
2150
2151
2152
2153
2154
2155
2156
2157
2158
2159
2160
2162
2163
2164
2165
2170
2171
2172
2173
2174
2175
2177
2178
2179
2180
2181
2182
2183
2184
2185
2186
2187
2188
2189
2190
2192
2193
2194
2195
2196
2197
2198
2199
2200
2201
2202
2203
2204
2205
2206
2207
2208
2209
2210
2211
2212
2213
2214
2215
2216
2219
2220
2221
2222
2223
2224
2225
2227
2228
2229
2230
2231
2232
2233
2234
2235
2236
2237
2238
2239
2240
2241
2242
2246
2247
2248
2249
2250
2251
2252
2253
2265
2266
2267
2268
2269
2270
2273
2274
2275
2276
2277
2278
2280
2282
2283
2284
2285
2291
2295
2304
2305
2307
2316
2324
2333
2334
2335
2336
2337
2338
2341
2342
2343
2344
2355
2356
2357
2358
2368
2369
2370
2371
2372
2373
2374
2375
2377
2378
2379
2382
2383
2384
2385
2386
2392
2393
2394
2395
2435
2436
2437
2438
2439
2440
2441
2442
2444
2445
2446
2448
2449
2450
2451
2453
2454
2455
2457
2459
2462
2463
2464
2465
2466
2467
2469
2470
2471
2472
2473
2475
2476
2477
2478
2479
2481
2485
2486
2487
2488
2489
2490
2491
2492
2493
2494
2495
2496
2498
2499
2500
2501
2502
2503
2504
2505
2506
2507
2508
2510
2511
2512
2513
2514
2515
2516
2517
2518
2519
2520
2521
2522
2523
2524
2525
2526
2527
2528
2529
2530
2531
2532
2533
2534
2535
2536
2537
2542
2544
2545
2546
2547
2548
2549
2550
2551
2552
2553
2556
2557
2560
2561
2562
2565
2566
2567
2568
2569
2570
2571
2573
2574
2575
2576
2577
2578
2579
2580
2581
2582
2583
2584
2585
2586
2587
2588
2592
2593
2594
2595
2596
2597
2598
2599
2600
2601
2602
2603
2605
2607
2608
2609
2612
2616
2617
2618
2619
2620
2622
2623
2625
2626
2627
2628
2647
2657
2804
2807
2811
2820
2821
2822
2823
2824
2825
2826
2827
2829
2830
2831
2832
2833
2834
2835
2836
2837
2838
2839
2840
2841
2842
2843
2844
2845
2846
2847
2848
2849
2850
2851
2852
2854
2855
2856
2857
2858
2859
2860
2861
2862
2863
2864
2865
2867
2868
2870
2871
2872
2873
2874
2875
2876
2877
2878
2879
2880
2881
2883
2884
2885
2887
2888
2889
2893
2898
2900
2901
2902
2904
2908
2909
2913
2915
2916
2917
2918
2924
2925
2929
2930
2931
2932
2935
2939
2943
2948
2956
2972
2990
2991
2992
3005
3007
3008
3009
3013
3015
3017
3018
3021
3022
3025
3027
3028
3030
3032
3033
3034
3035
3036
3037
3038
3039
3042
3043
3055
3066
3067
3068
3069
3070
3071
3072
3073
3075
3076
3077
3079
3082
3084
3085
3086
3087
3088
3089
3090
3092
3093
3094
3095
3096
3097
3098
3101
3102
3103
3104
3105
3106
3107
3108
3109
3110
3111
3112
3113
3114
3115
3116
3117
3118
3119
3120
3121
3122
3123
3124
3125
3126
3127
3128
3129
3130
3131
3132
3133
3134
3135
3136
3137
3138
3139
3141
3142
3143
3144
3146
3147
3148
3149
3150
3151
3152
3153
3154
3155
3156
3157
3158
3159
3160
3161
3162
3163
3164
3165
3166
3167
3168
3169
3170
3171
3172
3173
3174
3175
3176
3177
3178
3179
3180
3182
3183
3184
3185
3186
3188
3189
3190
3191
3193
3194
3195
3196
3197
3198
3199
3200
3201
3202
3204
3205
3206
3208
3209
3210
3211
3212
3213
3214
3215
3216
3217
3219
3220
3221
3222
3223
3224
3225
3226
3227
3228
3229
3230
3231
3232
3234
3235
3236
3238
3239
3240
3241
3242
3244
3245
3246
3247
3248
3249
3250
3251
3252
3253
3254
3255
3256
3257
3258
3259
3260
3261
3262
3263
3264
3265
3266
3269
3270
3271
3272
3273
3274
3275
3276
3277
3278
3279
3280
3281
3282
3283
3284
3285
3286
3287
3288
3289
3290
3291
3292
3293
3294
3295
3296
3297
3298
3299
3300
3301
3302
3303
3304
3305
3306
3307
3308
3309
3310
3311
3312
3313
3315
3316
3324
3325
3326
3327
3328
3329
3330
3331
3332
3333
3334
3335
3336
3337
3338
3339
3340
3341
3343
3344
3345
3346
3347
3350
3351
3352
3353
3354
3355
3356
3357
3358
3359
3360
3361
3362
3363
3364
3365
3368
3369
3370
3371
3373
3374
3375
3376
3377
3378
3379
3381
3382
3384
3385
3386
3387
3388
3389
3390
3391
3392
3393
3394
3395
3396
3397
3398
3399
3400
3401
3402
3403
3404
3406
3407
3408
3409
3410
3413
3414
3415
3416
3417
3418
3419
3420
3421
3422
3429
3435
3437
3450
3451
3453
3454
3455
3456
3463
3464
3471
3474
3476
3479
3482
3483
3487
3492
3493
3494
3495
3496
3497
3498
3499
3501
3502
3503
3504
3505
3506
3507
3508
3509
3510
3511
3512
3513
3514
3515
3516
3517
3518
3519
3521
3522
3523
3524
3525
3526
3527
3528
3529
3530
3531
3535
3537
3538
3539
3541
3545
3546
3548
3568
3579
3583
3596
3600
3607
3620
3752
3754
3763
3764
3768
3793
3794
3795
3799
3806
3808
3813
3815
3816
3817
3818
3819
3821
3822
3823
3824
3825
3826
3827
3828
3829
3830
3831
3832
3833
3834
3835
3836
3837
3838
3839
3840
3841
3843
3844
3845
3846
3847
3848
3851
3853
3854
3856
3858
3859
3863
3873
3874
3883
3886
3889
3899
3900
3901
3907
3913
3915
3920
3921
3922
3923
3924
3925
3926
3927
3928
3929
3930
3931
3932
3933
3934
3935
3936
3938
3939
3940
3941
3942
3943
3944
3945
3946
3947
3948
3949
3950
3951
3952
3953
3954
3955
3956
3958
3959
3960
3961
3962
3963
3964
3965
3966
3967
3968
3969
3970
3971
3972
3973
3974
3975
3976
3977
3978
3979
3980
3981
3983
3984
3985
3986
3987
3989
3990
3992
3993
3995
3996
3997
3998
3999
4000
4001
4002
4003
4005
4006
4007
4008
4009
4012
4013
4014
4015
4023
4024
4025
4030
4031
4032
4036
4038
4041
4045
4046
4047
4051
4053
4054
4058
4059
4060
4061
4062
4063
4064
4067
4068
4074
4080
4081
4082
4083
4084
4085
4086
4087
4093
4096
4097
4098
4099
4109
4110
4111
4112
4121
4123
4125
4127
4128
4131
4132
4155
4156
4157
4158
4160
4161
4162
4163
4164
4165
4166
4167
4168
4170
4188
4194
4197
4199
4200
4201
4219
4225
4228
4244
4266
4267
4269
4274
4279
4290
4292
4315
4318
4320
4324
4335
4339
4340
4347
4350
4360
4365
4366
4369
4370
4371
4372
4373
4374
4381
4382
4383
4384
4385
4386
4387
4388
4391
4392
4393
4394
4395
4396
4398
4402
4404
4406
4407
4414
4422
4431
4432
4434
4439
4440
4441
4442
4444
4445
4447
4448
4449
4451
4452
4453
4454
4455
4457
4458
4467
4470
4471
4472
4476
4478
4481
4487
4490
4492
4493
4494
4495
4496
4498
4502
4503
4504
4506
4508
4509
4510
4511
4512
4513
4515
4517
4519
4520
4525
4527
4528
4529
4530
4531
4533
4534
4539
4553
4568
4571
4572
4573
4574
4575
4583
4588
4596
4604
4605
4606
4607
4608
4609
4610
4611
4612
4613
4614
4615
4616
4617
4618
4619
4620
4621
4622
4623
4624
4625
4626
4628
4629
4630
4633
4634
4635
4637
4638
4642
4645
4646
4652
4656
4657
4665
4669
4670
4673
4677
4679
4680
4682
4691
4692
4693
4696
4697
4701
4702
4704
4705
4707
4718
4719
4726
4729
4735
4736
4737
4741
4742
4744
4745
4747
4748
4749
4753
4756
4758
4759
4760
4762
4764
4767
4768
4775
4778
4780
4781
4782
4783
4789
4790
4800
4811
4825
4826
4836
4837
4838
4839
4840
4841
4842
4843
4844
4846
4847
4848
4849
4850
4851
4852
4853
4854
4855
4856
4857
4858
4859
4862
4863
4864
4865
4866
4867
4868
4869
4870
4871
4872
4873
4874
4875
4876
4877
4878
4879
4880
4881
4883
4884
4885
4888
4890
4892
4893
4894
4895
4897
4898
4899
4900
4901
4902
4906
4907
4908
4910
4911
4913
4915
4916
4919
4920
4921
4922
4923
4924
4925
4926
4927
4928
4929
4930
4931
4932
4933
4934
4936
4937
4938
4942
4943
4944
4945
4946
4947
4948
4949
4950
4952
4953
4954
4955
4957
4959
4962
4963
4964
4965
4966
4967
4968
4970
4971
4972
4973
4974
4975
4976
4980
4981
4984
4985
4986
4987
4988
4989
4990
4993
4994
4995
4996
4997
4998
4999
5000
5001
5002
5014
5015
5016
5026
5027
5029
5030
5032
5034
5035
5036
5049
5054
5056
5057
5058
5063
5064
5068
5102
5123
5124
5130
5131
5132
5137
5139
5144
5157
5158
5159
5165
5167
5202
5204
5205
5207
5208
5209
5211
5212
5213
5214
5215
5216
5217
5218
5219
5220
5224
5225
5226
5230
5234
5253
5254
5255
5312
5317
5319
5333
5337
5342
5344
5345
5347
5348
5375
5376
5378
5379
5398
5400
5409
5410
5414
5439
5440
5441
5445
5455
5458
5460
5461
5462
5463
5469
5470
5480
5491
5492
5509
5510
5514
5525
5526
5528
5533
5534
5541
5552
5553
5555
5556
5557
5558
5561
5564
5565
5566
5567
5568
5569
5570
5571
5572
5573
5574
5575
5576
5577
5578
5579
5580
5581
5582
5583
5584
5585
5586
5587
5588
5589
5590
5591
5592
5593
5594
5595
5596
5605
5608
5612
5615
5616
5619
5628
5632
5634
5635
5640
5644
5646
5651
5652
5655
5662
5664
5668
5670
5674
5675
5676
5677
5678
5679
5680
5686
5690
5691
5692
5693
5694
5695
5696
5697
5698
5704
5707
5708
5709
5710
