6
70
72
73
74
84
110
113
114
115
116
117
118
119
120
127
128
154
164
165
167
168
180
181
182
184
185
188
189
190
191
193
197
198
200
201
202
203
206
207
208
209
212
213
214
215
216
217
219
220
221
223
226
228
237
238
239
240
241
242
277
282
284
287
310
323
325
365
385
387
402
406
409
411
412
414
416
417
418
419
420
422
426
427
428
429
430
433
434
437
438
440
449
450
452
453
454
457
458
464
465
466
471
472
475
476
488
491
524
532
538
539
642
647
648
685
771
777
789
795
796
797
798
799
800
801
802
803
805
806
807
808
809
810
811
812
814
815
818
819
820
821
822
823
824
825
826
827
828
829
830
831
832
833
834
835
836
837
838
841
843
851
852
853
905
906
907
908
909
910
912
913
914
915
916
917
918
920
1063
1077
1116
1133
1134
1135
1136
1137
1138
1139
1140
1142
1143
1144
1145
1150
1151
1203
1204
1205
1206
1207
1208
1211
1212
1213
1214
1215
1216
1217
1218
1220
1222
1223
1224
1225
1226
1227
1232
1233
1234
1235
1237
1238
1239
1240
1244
1245
1246
1247
1248
1254
1255
1256
1258
1260
1262
1340
1347
1363
1409
1412
1419
1421
1422
1423
1424
1426
1427
1428
1429
1430
1433
1467
1468
1471
1473
1478
1543
1544
1545
1547
1548
1549
1553
1555
1556
1563
1564
1570
1583
1585
1596
1598
1613
1617
1620
1622
1623
1625
1627
1628
1629
1630
1631
1633
1637
1638
1639
1640
1643
1644
1647
1648
1650
1660
1664
1676
1682
1683
1684
1685
1686
1687
1688
1689
1690
1692
1693
1694
1695
1696
1697
1698
1700
1701
1704
1705
1706
1707
1708
1709
1710
1711
1712
1713
1714
1715
1716
1717
1718
1719
1720
1721
1722
1723
1726
1728
1734
1735
1736
1746
1751
1753
1756
1770
1781
1788
1796
1797
1798
1800
1801
1804
1805
1806
1807
1809
1813
1814
1816
1817
1818
1819
1822
1823
1824
1825
1827
1828
1829
1830
1831
1832
1834
1835
1836
1838
1841
1843
1853
1854
1855
1856
1857
1858
1862
1866
1872
1873
