521
908
940
1375
1991
2356
3818
3819
3823
3824
3827
3829
3831
3834
3836
3838
3843
3845
3847
3850
3852
3856
3858
3860
3862
3865
3867
3868
3870
3872
3873
3875
3876
3878
3879
3881
3883
3885
3887
3889
3890
3892
3893
3895
3896
3898
3899
3901
3902
3904
3905
3907
3908
3910
3911
3913
3914
3916
3917
3919
3920
3922
3923
3926
3927
3930
3931
3934
3935
3938
3939
3942
3943
3946
3947
3950
3951
3954
3957
3960
3961
3964
3965
3969
3970
3973
3976
3979
3981
3984
3985
3988
3989
3992
3993
3997
3999
4002
4004
4008
4010
4014
4015
4019
4021
4025
4029
4033
4035
4039
4042
4046
4047
4051
4052
4056
4057
4061
4063
4068
4069
4074
4076
4080
4082
4086
4088
4092
4093
4097
4098
4102
4104
4108
4110
4114
4116
4120
4123
4127
4129
4133
4135
4139
4140
4144
4146
4150
4152
4156
4157
4161
4163
4167
4168
4172
4174
4178
4180
4184
4185
4189
4190
4194
4195
4199
4201
4205
4206
4210
4212
4216
4222
4228
4233
4237
4241
4246
4251
4255
4259
4264
4268
4273
4279
4283
4288
4293
4297
4302
4308
4312
4316
4320
4325
4330
4334
4339
4343
4347
4351
4355
4359
4363
4367
4371
4375
4381
4385
4389
4393
4398
4403
4408
4412
4416
4422
4427
4431
4435
4441
4447
4452
4456
4460
4464
4468
4472
4476
4480
4486
4490
4494
4499
4503
4507
4511
4517
4523
4527
4531
4535
4540
4544
4548
4553
4557
4561
4566
4572
4576
4581
4586
4591
4595
4600
4604
4610
4614
4619
4625
4629
4633
4638
4642
4648
4654
4659
4664
4669
4673
4679
4683
4687
4692
4697
4701
4706
4711
4716
4722
4726
4730
4735
4740
4745
4749
4755
4761
4766
4771
4776
4780
4785
4789
4793
4799
4803
4808
4812
4817
4822
4827
4831
4836
4841
4846
4851
4856
4861
4865
4871
4876
4881
4885
4890
4894
4898
4904
4910
4914
4919
4923
4927
4931
4936
4941
4945
4950
4955
4960
4965
4970
4974
4980
4985
4989
4994
4999
5004
5010
5014
5019
5024
5030
5035
5040
5045
5050
5056
5060
5065
5069
5074
5082
5083
5088
5089
5094
5100
5106
5111
5116
5121
5122
5127
5132
5138
5142
5147
5151
5152
5157
5162
5168
5172
5177
5183
5187
5192
5197
5203
5209
5214
5220
5227
5234
5241
5246
5252
5258
5264
5269
5274
5280
5285
5290
5295
5301
5306
5311
5317
5325
5330
5338
5344
5350
5355
5361
5368
5373
5379
5384
5389
5397
5402
5408
5413
5419
5426
5432
5438
5446
5451
5457
5463
5468
5473
5479
5485
5490
5495
5501
5506
5511
5517
5523
5529
5535
5541
5546
5551
5559
5564
5569
5575
5580
5586
5591
5596
5601
5606
5613
5618
5623
5630
5636
5642
5648
5656
5662
5668
5673
5678
5685
5690
5767
6541
6583
6624
8215
8668
9130
9760
9861
11363
