2
3
6
7
15
16
28
39
40
45
47
48
50
52
54
61
62
64
66
67
69
72
76
81
139
150
155
156
157
158
164
165
166
172
178
180
185
186
187
188
227
229
235
237
238
241
247
249
250
261
265
266
279
280
309
326
327
369
371
379
392
393
394
420
426
427
435
439
440
441
443
444
448
450
455
465
467
468
469
470
471
474
475
476
480
481
484
485
486
487
488
490
495
498
499
501
504
512
515
517
518
521
523
524
528
535
536
540
542
545
549
550
552
553
556
558
563
568
589
591
592
593
594
595
596
603
633
635
646
671
675
685
686
693
694
703
705
709
713
718
719
721
722
744
753
754
755
756
757
759
760
761
791
812
835
840
856
873
876
879
880
881
882
883
884
889
943
949
961
966
967
969
976
979
980
982
985
988
989
1000
1002
1003
1005
1009
1012
1013
1014
1015
1016
1017
1018
1022
1054
1088
1091
1099
1100
1102
1113
1116
1119
1120
1150
1153
1181
1218
1222
1223
1224
1225
1226
1227
1228
1229
1236
1237
1248
1251
1255
1260
1261
1269
1278
1287
1288
1289
1293
1295
1296
1297
1304
1310
1311
1313
1315
1316
1345
1351
1354
1377
1381
1383
1388
1437
1439
1442
1454
1468
1502
1508
1534
1536
1544
1552
1563
1564
1570
1571
1572
1574
1575
1578
1585
1591
1592
1593
1610
1620
1653
1655
1659
1660
1661
1662
1670
1677
1680
1701
1702
1709
1711
1716
1718
1731
1745
1746
1762
1768
1769
1777
1793
1798
1801
1811
1817
1845
1886
1902
1906
1910
1911
1927
1981
1985
1989
1991
1993
1996
1997
2000
2002
2003
2005
2010
2013
2017
2019
2026
2031
2033
2034
2036
2037
2038
2039
2040
2045
2049
2060
2065
2066
2073
2074
2081
2086
2089
2091
2092
2093
2094
2095
2096
2099
2100
2101
2105
2111
2112
2122
2130
2135
2136
2137
2139
2142
2143
2144
2150
2151
2156
2168
2169
2175
2180
2189
2206
2211
2214
2218
2220
2227
2238
2240
2244
2246
2247
2248
2249
2250
2252
2253
2268
2271
2277
2279
2280
2288
2293
2297
2303
2304
2321
2334
2337
2342
2346
2347
2348
2349
2352
2360
2365
2368
2375
2379
2380
2390
2398
2399
2400
2403
2404
2405
2406
2408
2414
2415
2416
2417
2424
2426
2431
2436
2439
2440
2441
2445
2449
2452
2455
2456
2457
2461
2462
2473
2476
2477
2480
2481
2485
2487
2523
2533
2534
2535
2536
2537
2538
2541
2542
2547
2552
2553
2556
2557
2561
2569
2570
2571
2575
2576
2578
2580
2581
2582
2585
2586
2587
2590
2593
2595
2616
2625
2628
2631
2642
2677
2685
2691
2694
2696
2708
2709
2728
2729
2747
2751
2754
2756
2757
2759
2760
2761
2763
2765
2766
2767
2768
2777
2790
2792
2794
2796
2803
2813
2819
2821
2823
2825
2826
2833
2836
2837
2858
2861
2863
2864
2871
2872
2873
2875
2895
2896
2897
2898
2899
2902
2919
2954
2956
2972
2980
3013
3062
3064
3147
3151
3153
3154
3157
3158
3169
3171
3172
3178
3182
3183
3191
3198
3203
3204
3209
3218
3219
3222
3224
3225
3230
3231
3237
3238
3254
3262
3272
3275
3279
3280
3288
3298
3300
3303
3330
3336
3339
3359
3399
3416
3428
3429
3454
3459
3472
3481
3490
3493
3509
3511
3518
3528
3529
3530
3576
3613
3620
3718
3739
3794
3834
3837
3844
3994
4000
4003
4004
4012
4014
4030
4068
4069
4075
4079
4080
4081
4098
4099
4109
4116
4129
4166
4167
4169
4170
4171
4179
4180
4195
4196
4197
4201
4203
4206
4211
4212
4216
4218
4222
4225
4227
4235
4282
4307
4308
4345
4346
4366
4369
4370
4381
4382
4389
4399
4405
4409
4411
4439
4446
4447
4455
4456
4464
4468
4470
4471
4472
4473
4480
4508
4512
4515
4525
4529
4544
4554
4560
4562
4564
4568
4571
4572
4577
4578
4579
4580
4605
4609
4631
4647
4675
4707
4724
4726
4734
4736
4737
4738
4744
4745
4746
4753
4759
4761
4768
4771
4772
4773
4775
4792
4794
4796
4797
4798
4800
4801
4802
4803
4804
4807
4809
4818
4819
4820
4821
4824
4825
4829
4833
4834
4837
4840
4841
4842
4843
4844
4851
4853
4856
4864
4865
4867
4869
4874
4882
4883
4884
4885
4886
4888
4890
4891
4893
4894
4896
4897
4898
4899
4900
4902
4903
4905
4906
4909
4912
4913
4920
4921
4922
4923
4924
4927
4928
4929
4932
4936
4946
4948
4952
4953
4957
4964
4991
4993
4995
4996
4997
5000
5001
5003
5006
5009
5010
5011
5014
5015
5017
5020
5022
5024
5026
5030
5032
5033
5034
5037
5038
5039
5044
5051
5054
5059
5065
5085
5108
5111
5113
5118
5119
5124
5143
5144
5145
5146
5147
5148
5149
5158
5161
5186
5249
5251
5253
5257
5263
5265
5268
5270
5296
5299
5302
5307
5318
5338
5339
5342
5344
5353
5358
5374
5378
5379
5400
5402
5406
5407
5460
5468
5480
5495
5496
5510
5527
5530
5534
5610
5686
5700
5701
5734
5748
5753
5815
5816
5824
5828
5833
5839
5842
5843
5847
5872
5873
5874
5884
5886
5887
5888
5904
5907
5922
5941
5957
5960
5962
5983
5988
5995
6009
6018
6022
6024
6034
6035
6036
6038
6040
6041
6048
6053
6055
6074
6076
6078
6081
6092
6093
6095
6097
6100
6105
6106
6107
6108
6111
6115
6116
6117
6145
6154
6155
6156
6157
6158
6159
6160
6161
6167
6169
6178
6179
6180
6182
6184
6188
6189
6194
6208
6209
6221
6237
6238
6240
6241
6242
6243
6244
6246
6252
6253
6254
6261
6269
6270
6271
6276
6280
6283
6286
6297
6300
6314
6315
6320
6321
6324
6334
6339
6347
6348
6364
6365
6366
6372
6375
6376
6377
6380
6382
6384
6385
6388
6390
6391
6394
6395
6397
6398
6399
6400
6401
6403
6404
6405
6406
6408
6410
6413
6415
6419
6420
6422
6430
6443
6447
6456
6463
6469
6485
6489
6505
6506
6507
6519
6522
6526
6527
6532
6534
6575
6592
6595
6598
6606
6608
6613
6618
6626
6639
6645
6651
6658
6665
6675
6698
6699
6715
6720
6722
6724
6735
6736
6746
6758
6761
6762
6763
6765
6770
6771
6772
6777
6782
6783
6785
6794
6804
6810
6816
6818
6819
6822
6833
6838
6839
6840
6846
6858
6873
6878
6881
6886
6887
6888
6896
6899
6907
6917
6929
6934
6956
6963
6965
6972
6974
6986
6989
6990
6993
6995
6999
7002
7003
7021
7025
7035
7039
7041
7044
7055
7056
7059
7061
7066
7069
7070
7071
7072
7073
7074
7075
7078
7079
7080
7081
7082
7095
7099
7103
7104
7121
7178
7183
7187
7199
7201
7204
7211
7213
7221
7225
7229
7233
7234
7236
7237
7240
7241
7242
7244
7245
7247
7249
7253
7254
7255
7257
7258
7259
7261
7264
7269
7272
7273
7278
7281
7282
7283
7284
7286
7288
7290
7292
7296
7297
7298
7300
7301
7303
7305
7317
7319
7326
7327
7337
7343
7350
7368
7372
7388
7389
7390
7402
7405
7409
7410
7416
7418
7458
7475
7478
7481
7489
7491
7496
7501
7509
7522
7528
7533
7540
7547
7557
7579
7580
7597
7602
7619
7621
7635
