12
17
29
30
31
97
98
99
100
101
102
194
300
313
314
337
338
346
482
483
484
485
496
577
756
787
813
821
1030
1057
1058
1061
1073
1126
1143
1144
1145
1147
1186
1187
1189
1190
1191
1192
1193
1195
1196
1197
1198
1199
1200
1201
1202
1203
1204
1205
1208
1211
1212
1214
1215
1218
1237
1257
1281
1284
1331
1355
1383
1394
1402
1403
1404
1405
1406
1407
1408
1409
1478
1480
1482
1483
1485
1486
1487
1488
1496
1498
1500
1501
1502
1503
1504
1505
1515
1516
1518
1523
1525
1526
1528
1529
1530
1531
1535
1536
1538
1541
1542
1543
1544
1545
1546
1547
1549
1550
1551
1552
1553
1555
1556
1557
1558
1568
1579
1604
1639
1643
1646
1649
1745
2021
2023
2025
2027
2029
2032
2034
2037
2038
2040
2082
2083
2084
2085
2086
2089
2090
2091
2092
2093
2094
2095
2096
2099
2100
2122
2126
2127
2176
2210
2211
2212
2231
2232
2233
2256
2257
2258
2260
2281
2299
2302
2352
2354
2386
2416
2417
2418
2419
2424
2426
2430
2433
2434
2439
2484
2497
2501
2527
2537
2569
2596
2649
2650
2653
2654
2657
2759
2760
2761
2769
2770
2772
2774
2776
2874
2876
2907
2938
2939
2940
2941
2946
2948
2951
2954
2955
3280
3296
3297
3537
3565
