0	1
1	1
3	1
4	1
5	1
7	1
9	1
11	1
12	1
13	1
15	1
18	1
21	1
22	1
23	1
24	1
25	1
27	1
32	1
38	1
40	1
41	1
47	1
49	1
51	1
52	1
54	1
55	1
56	1
59	1
60	1
62	1
63	1
64	1
67	1
68	1
69	1
70	1
71	1
72	1
77	1
78	1
79	1
80	1
81	1
82	1
83	1
84	1
86	1
87	1
89	1
90	1
92	1
93	1
94	1
95	1
96	1
97	1
100	1
101	1
102	1
103	1
104	1
106	1
108	1
110	1
112	1
113	1
114	1
115	1
116	1
118	1
119	1
121	1
122	1
124	1
125	1
126	1
129	1
130	1
131	1
132	1
134	1
135	1
138	1
139	1
140	1
142	1
146	1
147	1
148	1
149	1
150	0
151	1
153	1
155	0
157	1
158	1
159	1
160	1
163	1
164	1
165	1
166	1
168	1
170	1
171	1
172	1
173	1
174	1
175	1
176	1
177	1
178	1
179	1
180	1
182	0
183	1
185	1
186	0
187	1
190	1
191	1
197	1
205	1
207	1
208	1
210	1
211	1
213	1
215	1
219	1
220	1
221	1
223	1
224	1
225	1
226	1
227	1
228	1
230	1
231	1
235	1
236	1
238	1
240	1
243	1
244	1
245	1
246	1
248	1
249	1
251	1
253	1
256	1
257	1
258	1
259	1
260	1
261	1
262	1
264	1
267	1
268	1
269	1
274	1
276	1
277	1
278	1
281	1
283	1
284	1
286	1
288	1
289	1
290	1
291	1
295	1
296	1
297	1
298	1
299	1
300	1
301	1
304	1
305	1
306	1
309	1
310	1
311	1
312	1
313	1
314	1
315	1
317	1
318	1
320	1
321	1
322	1
325	1
326	1
327	1
328	1
329	1
332	1
333	1
334	1
335	1
336	1
337	1
338	1
339	1
340	1
341	1
342	1
343	1
344	1
346	1
347	1
348	1
349	1
350	1
352	1
353	1
355	1
356	1
357	1
358	1
359	1
360	1
361	1
362	1
363	1
364	1
365	1
366	1
367	1
372	1
373	1
374	1
375	1
376	1
383	1
417	1
418	1
424	1
425	1
427	1
430	1
433	1
436	1
439	1
445	1
446	1
447	1
448	1
451	1
452	1
455	1
463	0
464	1
466	1
471	1
472	1
475	1
479	0
486	1
487	1
491	0
495	0
506	1
521	0
526	1
531	1
538	0
574	1
688	1
692	1
693	1
694	1
696	1
699	0
712	1
714	1
723	1
725	1
738	1
742	1
745	1
746	1
748	0
749	1
750	0
751	1
752	1
755	1
756	1
757	1
759	1
773	1
775	1
776	1
779	1
780	1
781	1
783	1
784	1
786	1
787	1
788	1
792	1
795	1
796	1
799	1
800	1
805	1
806	1
811	1
814	1
815	1
816	1
818	1
821	1
822	1
825	1
828	1
830	1
831	1
832	1
836	1
837	1
839	1
840	1
842	1
844	1
845	1
846	1
847	1
848	1
849	1
854	1
856	1
858	1
859	1
862	1
863	1
864	1
865	1
869	1
870	1
871	1
874	1
875	1
878	1
879	1
880	1
881	1
890	1
891	1
894	1
897	1
907	1
908	0
909	1
910	1
912	1
915	1
916	1
918	1
920	1
925	1
926	1
930	1
932	1
935	1
937	1
939	1
940	0
941	1
942	1
960	1
961	1
963	1
965	1
971	1
972	1
973	1
974	1
975	1
976	1
978	1
979	1
980	1
981	1
990	1
993	1
994	1
996	1
997	1
998	1
1001	1
1002	1
1003	1
1004	1
1012	1
1013	1
1015	1
1016	1
1017	1
1019	1
1020	1
1021	1
1022	1
1025	1
1028	1
1029	1
1030	1
1031	1
1032	1
1033	1
1034	1
1036	1
1037	1
1038	1
1040	1
1044	1
1046	1
1047	1
1048	1
1049	1
1050	1
1051	1
1053	1
1054	1
1056	1
1057	1
1063	1
1070	1
1072	1
1073	1
1074	1
1078	1
1079	1
1081	1
1082	1
1083	1
1087	1
1092	0
1093	1
1095	0
1098	1
1103	1
1104	1
1105	1
1106	1
1107	1
1108	1
1109	1
1110	1
1112	1
1113	1
1119	1
1120	1
1125	1
1126	1
1127	1
1128	1
1129	1
1130	1
1131	1
1132	1
1133	1
1135	1
1143	1
1144	1
1145	1
1150	1
1151	1
1159	1
1162	1
1175	1
1176	1
1180	1
1183	1
1185	1
1192	1
1194	1
1195	1
1196	1
1200	1
1207	1
1209	1
1211	1
1219	1
1222	1
1226	1
1229	1
1231	1
1242	1
1245	1
1248	1
1253	1
1254	1
1260	1
1262	1
1265	1
1273	1
1274	1
1275	1
1276	1
1280	1
1295	1
1296	1
1298	1
1302	1
1304	1
1308	1
1311	1
1315	1
1332	1
1334	1
1339	1
1346	1
1348	1
1351	1
1352	1
1353	1
1360	1
1361	1
1362	1
1363	1
1364	1
1365	1
1366	1
1367	1
1368	1
1370	1
1375	0
1376	1
1382	1
1386	1
1387	1
1388	1
1389	1
1393	1
1395	1
1396	1
1397	1
1398	1
1399	1
1401	1
1402	1
1404	1
1405	1
1406	1
1408	1
1411	1
1413	1
1414	1
1415	1
1417	1
1419	1
1420	1
1424	1
1425	1
1427	1
1429	1
1430	1
1431	1
1432	1
1433	1
1434	1
1435	1
1436	1
1438	1
1439	1
1440	1
1441	1
1442	1
1448	1
1449	1
1450	1
1451	1
1453	1
1456	1
1457	1
1458	1
1461	1
1462	1
1463	1
1466	1
1468	1
1469	1
1470	1
1474	1
1476	1
1477	1
1480	1
1481	1
1484	1
1485	1
1487	1
1490	1
1492	1
1494	1
1495	1
1503	1
1504	1
1506	1
1508	1
1512	1
1514	1
1515	1
1517	1
1519	1
1522	1
1523	1
1526	1
1529	1
1531	1
1534	1
1535	1
1539	1
1541	1
1542	1
1546	1
1547	1
1550	1
1551	1
1552	1
1554	1
1557	1
1559	1
1565	1
1566	1
1567	1
1570	1
1571	1
1574	1
1575	1
1576	1
1577	1
1579	1
1580	1
1581	1
1583	1
1585	1
1586	1
1587	1
1588	1
1590	1
1592	1
1596	1
1600	1
1605	1
1607	1
1610	1
1611	1
1613	1
1617	1
1618	1
1623	1
1624	1
1633	1
1634	1
1640	1
1641	1
1643	1
1644	1
1645	1
1651	1
1652	1
1663	1
1671	1
1680	1
1682	1
1686	1
1687	1
1688	1
1690	1
1693	1
1694	1
1696	1
1697	1
1699	1
1700	1
1702	1
1704	1
1705	1
1706	1
1710	1
1711	1
1712	1
1713	1
1714	1
1716	1
1717	1
1720	1
1722	1
1724	1
1725	1
1727	1
1728	1
1730	1
1731	1
1732	1
1733	1
1735	1
1736	1
1738	1
1739	1
1740	1
1741	1
1744	1
1746	1
1747	1
1751	1
1753	1
1755	1
1756	1
1757	1
1759	1
1761	1
1762	1
1765	1
1766	1
1767	1
1770	1
1771	1
1773	1
1775	1
1776	1
1777	1
1778	1
1779	1
1781	1
1783	1
1787	1
1788	1
1791	1
1794	1
1795	1
1796	1
1799	1
1809	1
1812	1
1814	1
1815	1
1817	1
1819	1
1820	1
1821	1
1822	1
1823	1
1824	1
1825	1
1826	1
1827	1
1828	1
1829	1
1830	1
1832	1
1834	1
1835	1
1836	1
1837	1
1838	1
1839	1
1840	1
1841	1
1842	1
1843	1
1844	1
1845	1
1846	1
1847	1
1848	1
1849	1
1850	1
1851	1
1852	1
1853	1
1854	1
1855	1
1856	1
1857	1
1858	1
1859	1
1860	1
1861	1
1862	1
1863	1
1864	1
1865	1
1866	1
1867	1
1868	1
1869	1
1870	1
1871	1
1872	1
1873	1
1890	1
1893	1
1895	1
1899	1
1902	1
1905	1
1908	1
1909	1
1923	0
1925	1
1927	1
1932	1
1940	0
1956	1
1971	1
1972	1
1973	1
1979	1
1984	1
1991	0
1992	1
2009	1
2024	1
2025	1
2027	1
2028	1
2029	1
2030	1
2031	1
2039	1
2050	1
2062	1
2063	1
2066	1
2067	1
2068	1
2069	1
2075	1
2077	1
2084	1
2086	1
2087	1
2091	1
2096	1
2099	1
2100	1
2101	1
2107	1
2108	1
2115	1
2120	1
2133	1
2134	1
2137	1
2138	0
2147	1
2151	1
2182	1
2183	1
2191	1
2198	1
2221	1
2223	1
2233	1
2242	1
2243	1
2248	1
2249	1
2254	1
2255	1
2256	1
2257	1
2258	1
2261	1
2265	1
2266	1
2267	1
2268	1
2269	1
2271	1
2272	1
2280	1
2281	1
2282	1
2283	1
2285	1
2286	1
2288	1
2290	1
2291	1
2292	1
2293	1
2294	1
2295	1
2298	1
2299	1
2301	1
2302	1
2304	1
2305	1
2306	1
2307	1
2309	1
2310	1
2311	1
2312	1
2313	1
2315	1
2316	1
2317	1
2318	1
2319	1
2320	1
2321	1
2322	1
2323	1
2324	1
2325	1
2326	1
2327	1
2328	1
2329	1
2330	1
2331	1
2333	1
2334	1
2339	1
2341	1
2342	1
2346	1
2347	1
2350	1
2351	1
2353	1
2356	0
2357	1
2358	1
2360	1
2364	1
2365	1
2366	1
2367	1
2370	1
2376	1
2378	1
2380	1
2381	1
2382	1
2383	1
2384	1
2386	1
2387	1
2388	1
2390	1
2391	1
2393	1
2395	1
2396	1
2398	1
2403	1
2404	1
2405	1
2406	1
2411	1
2413	1
2414	1
2415	1
2418	1
2420	1
2421	1
2422	1
2423	1
2424	1
2426	1
2428	1
2429	1
2432	1
2433	1
2435	1
2436	1
2437	1
2438	1
2439	1
2440	1
2441	1
2442	1
2444	1
2445	1
2448	1
2451	1
2452	1
2455	1
2456	1
2458	1
2459	1
2460	1
2461	1
2462	1
2463	1
2464	1
2465	1
2466	1
2467	1
2470	1
2471	1
2472	1
2473	1
2475	1
2476	1
2477	1
2478	1
2479	1
2480	1
2481	1
2482	1
2483	1
2484	1
2485	1
2486	1
2490	1
2491	1
2492	1
2493	1
2494	1
2495	1
2496	1
2500	1
2502	1
2503	1
2505	1
2508	1
2509	1
2510	1
2511	1
2514	1
2515	1
2516	1
2518	1
2520	1
2521	1
2522	1
2538	1
2540	1
2552	1
2553	1
2555	1
2559	1
2562	1
2563	1
2564	1
2566	1
2568	1
2569	1
2579	1
2610	1
2612	1
2613	1
2629	1
2638	1
2639	1
2640	1
2641	1
2642	1
2644	1
2645	1
2646	1
2647	1
2648	1
2649	1
2651	1
2652	1
2653	1
2655	1
2656	1
2657	1
2659	1
2660	1
2661	1
2662	1
2663	0
2664	1
2665	1
2666	1
2668	1
2669	1
2670	1
2672	1
2673	1
2674	1
2676	1
2677	1
2678	1
2679	1
2680	1
2681	1
2683	1
2684	1
2685	1
2687	1
2688	1
2689	1
2690	1
2691	1
2693	1
2695	1
2696	1
2697	1
2698	1
2699	1
2700	1
2701	1
2704	1
2705	1
2706	1
2707	1
2708	1
2709	1
2710	1
2711	1
2712	1
2713	1
2714	1
2715	1
2716	1
2717	1
2718	1
2719	1
2721	1
2722	1
2723	1
2724	1
2725	1
2727	1
2729	1
2730	1
2732	1
2733	1
2734	1
2735	1
2736	1
2737	1
2738	1
2739	1
2740	1
2741	1
2742	1
2743	1
2744	1
2745	1
2746	1
2747	1
2748	1
2749	1
2750	1
2752	1
2756	1
2757	1
2758	1
2759	1
2760	1
2761	1
2762	1
2763	1
2765	1
2768	1
2769	1
2770	1
2771	1
2773	1
2774	1
2775	1
2776	1
2777	1
2778	1
2780	1
2781	1
2783	1
2784	1
2785	1
2786	1
2787	1
2788	1
2789	1
2790	0
2791	1
2793	1
2794	1
2795	1
2796	1
2802	1
2803	1
2804	1
2805	1
2806	1
2807	1
2809	1
2810	1
2811	1
2812	1
2813	1
2814	1
2815	1
2816	1
2818	1
2821	1
2823	1
2826	1
2827	1
2832	1
2833	1
2836	1
2838	1
2839	1
2841	1
2842	1
2844	1
2845	1
2847	1
2848	1
2849	1
2851	1
2852	1
2855	1
2856	1
2858	1
2860	1
2864	1
2866	1
2868	1
2873	1
2874	1
2875	1
2876	0
2877	1
2878	1
2879	1
2880	0
2881	1
2889	0
2906	0
2907	1
2910	0
2918	1
2920	1
2921	1
2923	1
2924	1
2930	1
2939	1
2942	1
2947	1
2950	1
2955	1
2958	1
2962	1
2963	1
2965	1
2971	1
2972	1
2973	1
2976	1
2978	1
2979	1
2980	1
2981	1
2982	1
2984	1
2987	1
2988	1
2989	1
2990	1
2992	1
2994	1
3003	1
3007	1
3009	1
3017	1
3018	1
3020	1
3022	1
3023	1
3025	1
3026	1
3027	1
3028	1
3029	1
3030	1
3038	1
3040	1
3041	1
3043	1
3047	1
3048	1
3050	1
3054	1
3055	1
3059	1
3060	1
3062	1
3064	1
3065	1
3068	1
3069	1
3071	1
3072	1
3073	1
3074	1
3077	1
3078	1
3080	1
3081	1
3082	1
3083	1
3084	1
3085	1
3086	1
3087	1
3088	1
3090	1
3091	1
3092	1
3093	1
3094	1
3095	1
3096	1
3097	1
3098	1
3099	1
3100	1
3101	1
3102	1
3103	1
3104	1
3105	1
3106	1
3107	1
3108	1
3109	1
3110	1
3111	1
3112	1
3113	1
3115	1
3116	1
3117	1
3118	1
3119	1
3120	1
3122	1
3123	1
3125	1
3126	1
3127	1
3130	1
3131	1
3133	1
3134	1
3137	1
3142	1
3144	1
3145	1
3147	1
3148	1
3149	1
3150	1
3151	1
3152	1
3153	1
3154	1
3155	1
3156	1
3157	1
3160	1
3162	1
3163	1
3165	1
3166	1
3167	1
3168	1
3169	1
3170	1
3171	1
3172	1
3174	1
3176	1
3177	1
3179	1
3182	1
3184	1
3186	1
3189	1
3191	1
3192	1
3193	1
3194	1
3196	1
3197	1
3198	1
3199	1
3201	1
3202	1
3203	1
3205	1
3207	1
3210	1
3211	1
3213	1
3216	1
3221	1
3222	1
3229	1
3231	1
3233	1
3234	1
3235	1
3238	1
3240	1
3241	1
3243	1
3244	1
3246	1
3252	1
3254	1
3256	1
3257	1
3258	1
3259	1
3261	1
3263	1
3264	1
3265	1
3267	1
3268	1
3271	1
3273	1
3274	1
3275	1
3276	1
3279	1
3280	1
3283	1
3292	1
3293	1
3294	1
3298	1
3299	1
3300	1
3304	1
3307	1
3308	1
3310	1
3311	1
3312	1
3314	1
3315	1
3317	1
3319	1
3320	1
3321	1
3322	1
3323	1
3326	1
3329	1
3330	1
3331	1
3333	1
3334	1
3335	1
3337	1
3338	1
3339	1
3340	1
3341	1
3343	1
3345	1
3346	1
3347	1
3348	1
3351	1
3352	1
3355	1
3358	1
3361	1
3362	1
3363	1
3364	1
3365	1
3366	1
3368	1
3370	1
3371	1
3372	1
3374	1
3375	1
3376	1
3380	1
3381	1
3388	1
3389	1
3391	1
3395	1
3398	1
3399	1
3400	1
3401	1
3403	1
3404	1
3408	1
3410	1
3413	1
3414	1
3416	1
3418	1
3420	1
3421	1
3423	1
3424	1
3425	1
3426	1
3428	1
3429	1
3430	1
3431	1
3432	1
3434	1
3435	0
3436	1
3437	1
3440	1
3441	1
3444	1
3445	1
3446	1
3447	1
3450	1
3451	1
3453	1
3454	1
3456	1
3457	1
3458	1
3459	1
3462	1
3463	1
3464	1
3465	1
3468	1
3469	1
3470	1
3475	1
3477	1
3478	1
3479	1
3485	1
3486	1
3487	1
3490	1
3493	1
3495	1
3499	1
3502	1
3508	1
3509	1
3510	1
3513	1
3516	1
3517	1
3520	1
3527	1
3528	1
3529	1
3530	1
3531	1
3539	0
3543	0
3544	0
3545	1
3546	1
3547	1
3548	1
3549	1
3550	1
3551	1
3552	1
3553	1
3554	1
3555	1
3556	1
3558	1
3560	1
3561	1
3562	1
3563	1
3575	1
3579	0
3582	1
3584	1
3586	1
3590	1
3592	1
3594	1
3596	1
3597	1
3599	1
3600	1
3602	1
3607	1
3609	1
3612	1
3625	1
3633	1
3639	1
3641	1
3642	1
3643	1
3644	1
3657	1
3660	1
3661	1
3662	1
3666	1
3667	1
3668	1
3680	1
3682	1
3683	1
3685	1
3703	1
3704	1
3708	1
3719	1
3721	1
3731	1
3732	1
3734	1
3786	1
3791	1
3809	1
3813	1
3814	1
3818	0
3819	0
3823	0
3824	0
3826	1
3827	0
3829	0
3831	0
3834	0
3836	0
3838	0
3843	0
3845	0
3847	0
3850	0
3852	0
3856	0
3858	0
3860	0
3862	0
3865	0
3867	0
3868	0
3870	0
3872	0
3873	0
3875	0
3876	0
3878	0
3879	0
3881	0
3883	0
3885	0
3887	0
3889	0
3890	0
3892	0
3893	0
3895	0
3896	0
3898	0
3899	0
3901	0
3902	0
3904	0
3905	0
3907	0
3908	0
3910	0
3911	0
3913	0
3914	0
3916	0
3917	0
3919	0
3920	0
3922	0
3923	0
3925	0
3926	0
3927	0
3929	0
3930	0
3931	0
3933	0
3934	0
3935	0
3937	0
3938	0
3939	0
3941	0
3942	0
3943	0
3945	0
3946	0
3947	0
3949	0
3950	0
3951	0
3953	0
3954	0
3957	0
3959	0
3960	0
3961	0
3963	0
3964	0
3965	0
3968	0
3969	0
3970	0
3972	0
3973	0
3974	1
3975	1
3976	0
3978	0
3979	0
3980	1
3981	0
3983	0
3984	0
3985	0
3987	0
3988	0
3989	0
3991	0
3992	0
3993	0
3996	0
3997	0
3998	1
3999	0
4001	0
4002	0
4003	1
4004	0
4007	0
4008	0
4009	1
4010	0
4013	0
4014	0
4015	0
4018	0
4019	0
4020	1
4021	0
4024	0
4025	0
4026	1
4028	1
4029	0
4032	0
4033	0
4034	1
4035	0
4038	0
4039	0
4041	1
4042	0
4045	0
4046	0
4047	0
4050	0
4051	0
4052	0
4055	0
4056	0
4057	0
4060	0
4061	0
4062	1
4063	0
4067	0
4068	0
4069	0
4073	0
4074	0
4075	1
4076	0
4079	0
4080	0
4081	1
4082	0
4085	0
4086	0
4087	1
4088	0
4091	0
4092	0
4093	0
4096	0
4097	0
4098	0
4101	0
4102	0
4103	1
4104	0
4107	0
4108	0
4109	1
4110	0
4113	0
4114	0
4115	1
4116	0
4119	0
4120	0
4121	1
4122	1
4123	0
4126	0
4127	0
4128	1
4129	0
4132	0
4133	0
4134	1
4135	0
4138	0
4139	0
4140	0
4143	0
4144	0
4145	1
4146	0
4149	0
4150	0
4151	1
4152	0
4155	0
4156	0
4157	0
4160	0
4161	0
4162	1
4163	0
4166	0
4167	0
4168	0
4171	0
4172	0
4173	1
4174	0
4177	0
4178	0
4179	1
4180	0
4183	0
4184	0
4185	0
4188	0
4189	0
4190	0
4193	0
4194	0
4195	0
4198	0
4199	0
4200	1
4201	0
4204	0
4205	0
4206	0
4209	0
4210	0
4211	1
4212	0
4215	0
4216	0
4221	0
4222	0
4227	0
4228	0
4229	1
4232	0
4233	0
4236	0
4237	0
4240	0
4241	0
4242	1
4245	0
4246	0
4247	1
4250	0
4251	0
4254	0
4255	0
4258	0
4259	0
4263	0
4264	0
4267	0
4268	0
4269	1
4272	0
4273	0
4274	1
4275	1
4278	0
4279	0
4282	0
4283	0
4284	1
4287	0
4288	0
4289	1
4292	0
4293	0
4296	0
4297	0
4298	1
4301	0
4302	0
4303	1
4304	1
4307	0
4308	0
4311	0
4312	0
4315	0
4316	0
4319	0
4320	0
4321	1
4324	0
4325	0
4329	0
4330	0
4333	0
4334	0
4338	0
4339	0
4342	0
4343	0
4346	0
4347	0
4350	0
4351	0
4354	0
4355	0
4358	0
4359	0
4362	0
4363	0
4366	0
4367	0
4370	0
4371	0
4374	0
4375	0
4377	1
4380	0
4381	0
4384	0
4385	0
4388	0
4389	0
4392	0
4393	0
4397	0
4398	0
4399	1
4402	0
4403	0
4404	1
4407	0
4408	0
4411	0
4412	0
4415	0
4416	0
4417	1
4421	0
4422	0
4423	1
4426	0
4427	0
4430	0
4431	0
4434	0
4435	0
4437	1
4440	0
4441	0
4442	1
4443	1
4446	0
4447	0
4451	0
4452	0
4455	0
4456	0
4459	0
4460	0
4463	0
4464	0
4467	0
4468	0
4471	0
4472	0
4475	0
4476	0
4479	0
4480	0
4482	1
4485	0
4486	0
4489	0
4490	0
4493	0
4494	0
4498	0
4499	0
4502	0
4503	0
4506	0
4507	0
4510	0
4511	0
4513	1
4516	0
4517	0
4522	0
4523	0
4526	0
4527	0
4530	0
4531	0
4534	0
4535	0
4536	1
4539	0
4540	0
4543	0
4544	0
4547	0
4548	0
4549	1
4552	0
4553	0
4556	0
4557	0
4560	0
4561	0
4562	1
4565	0
4566	0
4571	0
4572	0
4575	0
4576	0
4577	1
4580	0
4581	0
4582	1
4585	0
4586	0
4590	0
4591	0
4594	0
4595	0
4596	1
4599	0
4600	0
4603	0
4604	0
4606	1
4609	0
4610	0
4613	0
4614	0
4615	1
4618	0
4619	0
4621	1
4624	0
4625	0
4628	0
4629	0
4632	0
4633	0
4634	1
4637	0
4638	0
4641	0
4642	0
4644	1
4647	0
4648	0
4650	1
4653	0
4654	0
4655	1
4658	0
4659	0
4660	1
4663	0
4664	0
4665	1
4668	0
4669	0
4672	0
4673	0
4675	1
4678	0
4679	0
4682	0
4683	0
4686	0
4687	0
4688	1
4691	0
4692	0
4693	1
4696	0
4697	0
4700	0
4701	0
4705	0
4706	0
4707	1
4710	0
4711	0
4712	1
4715	0
4716	0
4718	1
4721	0
4722	0
4725	0
4726	0
4729	0
4730	0
4731	1
4734	0
4735	0
4736	1
4739	0
4740	0
4741	1
4744	0
4745	0
4748	0
4749	0
4751	1
4754	0
4755	0
4756	1
4757	1
4760	0
4761	0
4762	1
4765	0
4766	0
4767	1
4770	0
4771	0
4772	1
4775	0
4776	0
4779	0
4780	0
4781	1
4784	0
4785	0
4788	0
4789	0
4792	0
4793	0
4798	0
4799	0
4802	0
4803	0
4804	1
4807	0
4808	0
4811	0
4812	0
4813	1
4816	0
4817	0
4818	1
4821	0
4822	0
4823	1
4826	0
4827	0
4830	0
4831	0
4832	1
4835	0
4836	0
4840	0
4841	0
4842	1
4845	0
4846	0
4847	1
4850	0
4851	0
4852	1
4855	0
4856	0
4857	1
4860	0
4861	0
4864	0
4865	0
4867	1
4870	0
4871	0
4872	1
4875	0
4876	0
4880	0
4881	0
4884	0
4885	0
4889	0
4890	0
4893	0
4894	0
4897	0
4898	0
4900	1
4903	0
4904	0
4909	0
4910	0
4913	0
4914	0
4918	0
4919	0
4922	0
4923	0
4926	0
4927	0
4930	0
4931	0
4932	1
4935	0
4936	0
4937	1
4940	0
4941	0
4944	0
4945	0
4949	0
4950	0
4951	1
4954	0
4955	0
4956	1
4959	0
4960	0
4964	0
4965	0
4966	1
4969	0
4970	0
4973	0
4974	0
4976	1
4979	0
4980	0
4984	0
4985	0
4988	0
4989	0
4990	1
4993	0
4994	0
4995	1
4998	0
4999	0
5000	1
5003	0
5004	0
5009	0
5010	0
5013	0
5014	0
5015	1
5018	0
5019	0
5020	1
5023	0
5024	0
5026	1
5029	0
5030	0
5031	1
5034	0
5035	0
5036	1
5039	0
5040	0
5041	1
5044	0
5045	0
5046	1
5049	0
5050	0
5052	1
5055	0
5056	0
5059	0
5060	0
5061	1
5064	0
5065	0
5068	0
5069	0
5070	1
5073	0
5074	0
5078	1
5081	0
5082	0
5083	0
5085	1
5088	0
5089	0
5090	1
5093	0
5094	0
5096	1
5099	0
5100	0
5102	1
5105	0
5106	0
5110	0
5111	0
5112	1
5115	0
5116	0
5117	1
5120	0
5121	0
5122	0
5123	1
5126	0
5127	0
5128	1
5131	0
5132	0
5134	1
5137	0
5138	0
5141	0
5142	0
5143	1
5146	0
5147	0
5150	0
5151	0
5152	0
5156	0
5157	0
5158	1
5161	0
5162	0
5164	1
5168	0
5171	0
5172	0
5173	1
5176	0
5177	0
5179	1
5182	0
5183	0
5186	0
5187	0
5188	0
5191	0
5192	0
5193	0
5196	0
5197	0
5198	0
5202	0
5203	0
5204	0
5205	1
5208	0
5209	0
5210	0
5213	0
5214	0
5215	0
5216	1
5219	0
5220	0
5221	0
5222	1
5226	0
5227	0
5228	0
5230	1
5233	0
5234	0
5235	0
5236	1
5237	1
5240	0
5241	0
5242	0
5245	0
5246	0
5247	0
5248	1
5251	0
5252	0
5253	0
5254	1
5257	0
5258	0
5259	0
5260	1
5263	0
5264	0
5265	0
5268	0
5269	0
5270	0
5273	0
5274	0
5275	0
5279	0
5280	0
5281	0
5284	0
5285	0
5286	0
5289	0
5290	0
5291	0
5294	0
5295	0
5296	0
5297	1
5300	0
5301	0
5302	0
5305	0
5306	0
5307	0
5310	0
5311	0
5312	0
5313	1
5316	0
5317	0
5318	0
5320	1
5321	1
5324	0
5325	0
5326	0
5329	0
5330	0
5331	0
5334	1
5337	0
5338	0
5339	0
5340	1
5343	0
5344	0
5345	0
5346	1
5349	0
5350	0
5351	0
5354	0
5355	0
5356	0
5360	0
5361	0
5362	0
5367	0
5368	0
5369	0
5372	0
5373	0
5374	0
5375	1
5378	0
5379	0
5380	0
5383	0
5384	0
5385	0
5388	0
5389	0
5390	0
5393	1
5396	0
5397	0
5398	0
5401	0
5402	0
5403	0
5407	0
5408	0
5409	0
5412	0
5413	0
5414	0
5418	0
5419	0
5421	0
5422	1
5425	0
5426	0
5427	0
5431	0
5432	0
5433	0
5437	0
5438	0
5439	0
5445	0
5446	0
5447	0
5450	0
5451	0
5452	0
5453	1
5456	0
5457	0
5458	0
5459	1
5462	0
5463	0
5464	0
5467	0
5468	0
5469	0
5472	0
5473	0
5474	0
5475	1
5478	0
5479	0
5480	0
5484	0
5485	0
5486	0
5489	0
5490	0
5491	0
5494	0
5495	0
5496	0
5500	0
5501	0
5502	0
5505	0
5506	0
5507	0
5510	0
5511	0
5512	0
5513	1
5516	0
5517	0
5518	0
5519	1
5522	0
5523	0
5524	0
5525	1
5528	0
5529	0
5530	0
5531	1
5534	0
5535	0
5536	0
5537	1
5540	0
5541	0
5542	0
5545	0
5546	0
5547	0
5550	0
5551	0
5552	0
5554	1
5555	1
5558	0
5559	0
5560	0
5563	0
5564	0
5565	0
5568	0
5569	0
5570	0
5574	0
5575	0
5576	0
5579	0
5580	0
5581	0
5582	1
5585	0
5586	0
5587	0
5590	0
5591	0
5592	0
5595	0
5596	0
5597	0
5600	0
5601	0
5602	0
5605	0
5606	0
5607	0
5612	0
5613	0
5614	0
5617	0
5618	0
5619	0
5622	0
5623	0
5624	0
5626	1
5629	0
5630	0
5631	0
5632	1
5635	0
5636	0
5637	0
5638	1
5641	0
5642	0
5643	0
5644	1
5647	0
5648	0
5649	0
5655	0
5656	0
5657	0
5661	0
5662	0
5663	0
5667	0
5668	0
5669	0
5672	0
5673	0
5674	0
5677	0
5678	0
5679	0
5684	0
5685	0
5686	0
5689	0
5690	0
5691	0
5697	1
5702	1
5709	1
5721	1
5722	1
5724	1
5727	1
5758	1
5760	1
5761	1
5766	1
5767	0
5773	1
5776	1
5777	1
5782	1
5794	1
5795	1
5808	1
5816	1
5818	1
5820	1
5821	1
5826	1
5832	1
5834	1
5835	1
5849	1
5855	1
5856	1
5857	1
5858	1
5859	1
5860	1
5861	1
5864	1
5866	1
5867	1
5868	1
5869	1
5870	1
5871	1
5872	1
5874	1
5875	1
5876	1
5879	1
5880	1
5881	1
5884	1
5888	1
5889	1
5890	1
5892	1
5893	1
5894	1
5895	1
5898	1
5899	1
5900	1
5901	1
5903	1
5904	1
5905	1
5906	1
5907	1
5910	1
5912	1
5913	1
5915	1
5916	1
5918	1
5919	1
5920	1
5921	1
5925	1
5927	1
5928	1
5931	1
5932	1
5935	1
5936	1
5937	1
5939	1
5940	1
5941	1
5942	1
5943	1
5944	1
5945	1
5946	1
5947	1
5948	1
5949	1
5950	1
5951	1
5952	1
5953	1
5954	1
5955	1
5956	1
5957	1
5958	1
5960	1
5963	1
5965	1
5968	1
5971	1
5972	1
5974	1
5975	1
5976	1
5977	1
5978	1
5979	1
5981	0
5983	1
5984	1
5985	1
5987	1
5988	0
5991	1
5992	1
5998	1
6009	1
6015	1
6025	1
6030	1
6046	1
6049	1
6054	1
6055	1
6059	1
6060	1
6067	1
6069	1
6070	1
6071	1
6074	1
6075	1
6079	1
6105	1
6106	1
6107	1
6114	1
6120	1
6136	1
6142	1
6143	1
6150	1
6151	1
6152	1
6168	1
6169	1
6170	1
6174	1
6175	1
6176	1
6181	1
6184	1
6190	1
6192	1
6194	1
6198	1
6228	1
6234	1
6240	1
6253	1
6255	1
6256	1
6260	1
6268	1
6283	1
6290	1
6308	1
6309	1
6310	1
6315	1
6316	1
6321	1
6322	0
6326	1
6329	1
6330	1
6332	1
6339	1
6345	1
6346	1
6350	1
6355	1
6359	1
6370	1
6374	1
6375	1
6382	1
6386	1
6387	1
6388	1
6389	1
6391	1
6392	1
6398	1
6400	1
6403	1
6404	1
6406	1
6408	1
6410	1
6416	1
6417	1
6421	1
6422	1
6427	1
6430	1
6446	1
6447	1
6474	1
6484	0
6485	1
6492	0
6496	1
6503	1
6506	1
6511	1
6541	0
6553	1
6560	1
6561	1
6565	1
6569	1
6572	1
6577	1
6578	1
6583	0
6607	1
6618	1
6619	1
6624	0
6630	1
6654	1
6666	1
6671	1
6685	1
6693	1
6694	1
6696	1
6698	1
6700	1
6727	1
6756	0
6758	1
6764	1
6787	1
6788	1
6796	1
6803	1
6805	1
6810	1
6822	1
6824	1
6828	1
6829	1
6844	1
6849	1
6860	1
6861	1
6863	1
6864	1
6873	1
6874	1
6875	1
6876	1
6877	1
6878	1
6879	1
6880	1
6881	1
6882	1
6883	1
6884	1
6885	1
6887	1
6898	1
6899	1
6901	1
6906	1
6926	1
6936	0
6941	1
6948	1
6950	1
6952	1
6966	1
6967	1
6976	1
6989	1
6992	1
6995	1
6998	1
6999	1
7009	1
7014	1
7015	1
7016	1
7017	1
7028	1
7041	1
7042	1
7045	1
7046	1
7048	0
7050	1
7051	1
7052	1
7053	1
7054	1
7056	1
7057	1
7065	1
7067	1
7071	1
7073	1
7074	1
7075	1
7076	1
7077	1
7080	1
7082	1
7084	1
7088	1
7094	1
7095	1
7097	1
7099	1
7100	1
7103	0
7105	1
7109	1
7111	1
7113	1
7116	1
7117	1
7119	1
7121	1
7122	1
7126	1
7127	1
7128	1
7134	1
7135	1
7137	1
7139	1
7150	1
7151	1
7154	1
7155	1
7157	1
7158	1
7165	1
7177	1
7178	1
7179	1
7180	1
7189	1
7190	1
7191	1
7194	1
7195	1
7222	1
7223	1
7224	1
7225	1
7236	1
7250	1
7271	1
7273	1
7276	1
7280	1
7283	1
7286	1
7288	1
7290	1
7300	1
7328	1
7347	1
7364	1
7366	1
7367	1
7368	1
7370	1
7371	1
7372	1
7373	1
7374	1
7375	1
7376	1
7377	1
7378	1
7379	1
7380	1
7382	1
7383	1
7384	1
7386	1
7387	1
7389	1
7391	1
7392	1
7393	1
7394	1
7396	1
7397	1
7398	1
7399	1
7400	1
7401	1
7402	1
7403	1
7404	1
7405	1
7406	1
7407	1
7408	1
7409	1
7410	1
7411	1
7412	1
7413	1
7414	1
7415	1
7416	1
7417	1
7418	1
7419	1
7420	1
7421	1
7422	1
7424	1
7425	1
7426	1
7427	1
7428	1
7429	1
7430	1
7431	1
7432	1
7433	1
7434	1
7435	1
7436	1
7437	1
7438	1
7440	1
7447	1
7448	1
7449	1
7450	1
7451	1
7452	1
7457	1
7458	1
7459	1
7465	1
7502	1
7513	1
7518	1
7519	1
7523	1
7524	1
7525	1
7526	1
7527	1
7529	1
7539	1
7550	1
7566	1
7570	1
7574	1
7575	1
7578	1
7579	1
7583	1
7584	1
7600	1
7605	1
7606	1
7608	1
7610	1
7611	1
7613	1
7614	1
7615	1
7616	1
7617	1
7622	1
7625	1
7627	1
7628	1
7630	1
7631	1
7632	1
7634	1
7635	1
7636	1
7637	1
7639	1
7643	1
7644	1
7645	1
7650	1
7651	1
7655	1
7659	1
7660	1
7661	1
7663	1
7664	1
7667	1
7669	0
7671	1
7672	1
7673	1
7674	1
7675	1
7677	1
7678	1
7679	1
7680	1
7681	1
7682	1
7683	1
7684	1
7685	1
7686	1
7687	1
7688	1
7690	1
7691	1
7693	1
7695	1
7696	1
7697	1
7698	1
7699	1
7703	1
7706	1
7707	1
7713	1
7717	1
7718	1
7719	1
7720	1
7721	1
7722	1
7724	1
7726	1
7727	1
7729	1
7730	1
7731	1
7732	1
7734	1
7740	1
7749	1
7752	1
7755	1
7758	1
7763	1
7767	1
7769	1
7770	1
7772	1
7773	1
7774	1
7781	1
7782	1
7790	1
7791	1
7799	1
7800	1
7808	1
7809	1
7812	1
7815	1
7817	1
7824	1
7826	1
7827	1
7828	1
7840	1
7846	1
7854	1
7858	1
7863	1
7871	1
7876	1
7881	1
7884	1
7888	1
7891	1
7892	1
7902	1
7903	1
7908	1
7912	1
7913	0
7914	0
7915	0
7916	0
7917	0
7918	0
7919	0
7933	1
7935	0
7947	1
7974	1
7975	1
7978	1
7981	1
7986	1
7995	1
7997	1
7998	1
7999	1
8003	1
8009	1
8013	1
8014	1
8015	1
8024	1
8027	1
8031	1
8035	1
8036	1
8039	1
8049	1
8050	1
8067	1
8075	1
8084	1
8097	1
8100	1
8101	1
8107	1
8108	1
8114	1
8115	1
8126	1
8129	1
8134	1
8138	1
8139	1
8150	1
8157	1
8163	1
8166	1
8170	1
8174	1
8175	1
8178	1
8179	1
8180	1
8189	1
8190	1
8196	1
8201	1
8203	1
8210	1
8212	1
8214	1
8215	0
8250	1
8251	1
8282	1
8286	1
8288	1
8289	1
8290	1
8310	1
8312	1
8313	1
8315	1
8317	1
8320	1
8324	1
8325	1
8329	1
8330	1
8331	1
8332	1
8333	1
8334	1
8335	1
8336	1
8337	1
8339	1
8340	1
8341	1
8344	1
8358	0
8362	1
8366	1
8371	1
8374	1
8390	1
8396	1
8405	1
8411	1
8431	1
8432	1
8436	1
8437	1
8442	1
8443	1
8445	1
8453	1
8461	1
8464	1
8465	1
8482	1
8492	1
8498	1
8500	1
8511	1
8516	1
8525	1
8531	1
8538	1
8546	1
8547	1
8549	1
8550	1
8557	1
8562	1
8567	1
8594	1
8595	1
8602	1
8603	1
8615	1
8619	1
8620	1
8622	1
8623	1
8647	1
8664	1
8665	1
8668	0
8671	1
8672	1
8681	0
8686	1
8692	0
8702	1
8703	1
8704	1
8705	1
8706	1
8707	1
8709	1
8710	1
8711	1
8722	1
8732	1
8733	1
8737	1
8753	1
8758	1
8764	1
8810	1
8812	1
8845	1
8870	1
8878	1
8883	1
8884	1
8901	1
8903	1
8909	1
8912	1
8914	1
8916	1
8918	1
8920	1
8922	1
8923	1
8924	1
8925	1
8926	1
8928	1
8929	1
8938	1
8942	1
8945	1
8946	1
8947	1
8949	1
8989	1
8992	1
8999	1
9000	1
9012	1
9014	1
9019	1
9025	1
9028	1
9029	1
9030	1
9033	1
9038	1
9051	1
9054	1
9061	1
9063	1
9064	1
9065	1
9067	1
9069	1
9071	1
9072	1
9074	1
9076	1
9077	1
9078	1
9079	1
9081	1
9082	1
9084	1
9087	1
9089	1
9092	1
9093	1
9094	1
9097	1
9098	1
9099	1
9100	1
9104	1
9105	1
9106	1
9107	1
9109	1
9111	1
9112	1
9115	1
9116	1
9117	1
9118	1
9119	1
9120	1
9121	1
9122	1
9123	1
9124	1
9125	1
9127	1
9128	1
9130	0
9132	1
9134	1
9136	1
9137	1
9138	1
9139	1
9140	1
9141	1
9146	1
9149	1
9150	1
9153	1
9160	1
9165	1
9166	1
9167	1
9173	1
9174	1
9175	1
9178	1
9180	1
9184	1
9185	1
9186	1
9187	1
9190	1
9194	1
9200	1
9201	1
9203	1
9204	1
9205	1
9206	1
9207	1
9208	1
9209	1
9210	1
9212	1
9214	1
9215	1
9217	1
9219	1
9220	1
9227	1
9234	1
9237	1
9238	1
9240	1
9241	1
9242	1
9245	1
9247	1
9249	1
9250	1
9251	1
9252	1
9253	1
9254	1
9255	1
9256	1
9257	1
9259	1
9260	1
9263	1
9264	1
9265	1
9267	1
9268	1
9269	1
9272	1
9273	1
9277	1
9279	1
9281	1
9282	1
9284	1
9285	1
9286	1
9287	1
9289	1
9290	1
9291	1
9292	1
9293	1
9294	1
9295	1
9296	1
9297	1
9301	1
9304	1
9308	0
9312	1
9314	0
9316	1
9317	1
9318	0
9326	0
9328	1
9331	1
9334	1
9336	1
9337	1
9338	1
9339	0
9340	0
9342	1
9343	1
9346	1
9349	1
9351	1
9353	1
9354	1
9355	1
9359	1
9360	1
9361	0
9362	1
9365	1
9370	1
9371	1
9372	1
9373	1
9374	1
9375	1
9376	1
9377	1
9378	1
9379	1
9380	1
9383	1
9389	1
9391	0
9392	0
9393	1
9394	0
9395	0
9396	1
9400	0
9401	0
9402	1
9404	1
9405	1
9406	1
9408	1
9409	1
9411	0
9412	0
9413	1
9416	1
9424	1
9426	1
9434	1
9444	1
9448	1
9449	1
9450	1
9451	1
9453	1
9454	1
9465	1
9466	1
9467	1
9471	1
9472	1
9473	1
9474	1
9475	1
9476	1
9477	1
9478	1
9480	1
9481	1
9482	1
9483	1
9484	1
9490	1
9492	1
9494	1
9497	1
9501	1
9502	1
9503	1
9504	1
9507	1
9509	1
9513	1
9516	1
9519	1
9520	1
9521	1
9522	1
9536	1
9542	1
9543	1
9544	1
9545	1
9546	1
9548	1
9549	1
9550	1
9553	1
9554	1
9555	1
9558	1
9567	1
9570	1
9578	1
9582	1
9585	1
9587	1
9588	1
9590	1
9591	1
9592	1
9594	1
9595	1
9596	1
9597	1
9598	1
9599	1
9600	1
9602	1
9605	1
9607	1
9642	0
9649	1
9652	1
9656	1
9657	1
9660	1
9664	0
9669	1
9670	1
9673	1
9674	1
9675	0
9676	1
9680	1
9683	1
9685	1
9693	1
9694	0
9697	1
9698	1
9701	0
9702	1
9706	1
9717	1
9724	1
9727	0
9728	1
9731	0
9734	1
9735	1
9736	1
9739	1
9740	1
9742	1
9743	1
9747	1
9748	1
9749	1
9750	1
9751	1
9752	1
9755	1
9756	1
9758	1
9759	1
9760	0
9761	1
9762	1
9764	1
9765	1
9766	1
9767	1
9770	1
9771	1
9772	1
9773	1
9774	1
9776	1
9777	1
9779	1
9780	1
9781	1
9782	1
9783	1
9784	1
9786	1
9787	1
9788	1
9789	1
9791	1
9792	1
9793	1
9794	1
9795	1
9796	1
9797	1
9799	1
9800	1
9801	1
9802	1
9804	1
9805	1
9807	1
9808	1
9809	1
9810	1
9811	1
9812	1
9813	1
9815	1
9817	1
9818	1
9819	1
9820	1
9821	1
9822	1
9824	1
9825	1
9826	1
9828	1
9829	1
9830	1
9831	1
9832	1
9834	1
9835	1
9837	1
9838	1
9840	1
9842	1
9843	1
9844	1
9846	1
9848	1
9852	1
9854	1
9855	1
9856	1
9858	1
9860	1
9861	0
9862	1
9864	1
9865	1
9868	1
9871	1
9872	1
9874	1
9875	1
9876	1
9883	1
9887	1
9888	1
9889	1
9890	1
9891	1
9892	1
9893	1
9894	0
9895	1
9898	1
9900	1
9902	1
9903	1
9905	1
9908	1
9910	1
9911	1
9912	1
9913	1
9914	1
9915	1
9916	1
9917	1
9919	1
9928	1
9930	1
9931	1
9933	1
9937	1
9938	1
9940	1
9944	1
9945	1
9949	1
9950	1
9952	1
9954	1
9955	1
9958	1
9959	1
9961	1
9962	1
9963	1
9964	1
9965	1
9966	1
9969	1
9970	1
9971	1
9973	1
9974	1
9975	1
9976	1
9977	1
9978	1
9979	1
9980	1
9981	1
9983	1
9984	1
9985	1
9986	1
9987	1
9988	1
9989	1
9990	1
9991	1
9992	1
9993	1
9995	1
9996	1
9997	1
9998	1
9999	1
10000	1
10001	1
10002	1
10003	1
10004	1
10006	1
10007	1
10008	1
10009	1
10010	1
10011	1
10012	1
10014	1
10015	1
10017	1
10018	1
10019	1
10032	1
10033	1
10035	1
10037	1
10043	1
10044	1
10045	1
10046	1
10048	1
10049	1
10051	1
10052	1
10053	1
10054	1
10063	1
10066	1
10067	1
10069	1
10070	1
10071	1
10074	1
10075	1
10076	1
10077	1
10085	1
10086	1
10088	1
10089	1
10090	1
10092	1
10093	1
10094	1
10095	1
10098	1
10101	1
10102	1
10103	1
10104	1
10105	1
10106	1
10107	1
10109	1
10110	1
10111	1
10113	1
10117	1
10119	1
10120	1
10121	1
10122	1
10123	1
10124	1
10126	1
10127	1
10129	1
10130	1
10137	1
10144	1
10146	1
10148	1
10149	1
10153	1
10154	1
10156	1
10157	1
10158	1
10162	1
10167	0
10168	1
10170	0
10173	1
10178	1
10179	1
10180	1
10181	1
10182	1
10183	1
10185	1
10187	1
10188	1
10194	1
10195	1
10200	1
10201	1
10202	1
10203	1
10204	1
10205	1
10206	1
10207	1
10208	1
10210	1
10218	1
10219	1
10220	1
10224	1
10225	1
10234	1
10237	1
10251	1
10252	1
10256	1
10259	1
10261	1
10268	1
10270	1
10271	1
10272	1
10283	1
10285	1
10287	1
10296	1
10298	1
10302	1
10305	1
10307	1
10311	1
10312	1
10313	1
10314	1
10315	1
10316	1
10317	1
10318	1
10322	1
10324	1
10326	1
10327	1
10328	1
10329	1
10330	1
10331	1
10332	1
10333	1
10334	1
10335	1
10336	1
10337	1
10338	1
10339	1
10342	1
10343	1
10344	1
10345	1
10346	1
10347	1
10348	1
10349	1
10350	1
10353	1
10354	1
10355	1
10356	1
10357	1
10358	1
10359	1
10360	1
10361	1
10362	1
10364	1
10366	1
10367	1
10369	1
10370	1
10371	1
10372	1
10373	1
10374	1
10375	1
10376	1
10378	1
10379	1
10381	1
10382	1
10383	1
10384	1
10385	1
10386	1
10387	1
10388	1
10389	1
10393	1
10394	1
10395	1
10399	1
10400	1
10405	1
10406	1
10407	1
10409	1
10410	1
10411	1
10412	1
10413	1
10414	1
10415	1
10416	1
10418	1
10419	1
10420	1
10421	1
10422	1
10423	1
10424	1
10427	1
10429	1
10431	1
10433	1
10436	1
10437	1
10438	1
10439	1
10442	1
10443	1
10444	1
10448	1
10449	1
10451	1
10453	1
10454	1
10457	1
10458	1
10462	1
10467	1
10468	1
10470	1
10474	1
10477	1
10478	1
10480	1
10481	1
10482	1
10487	1
10489	1
10490	1
10492	1
10493	1
10494	1
10495	1
10496	1
10497	1
10498	1
10499	1
10500	1
10501	1
10504	1
10506	1
10507	1
10509	1
10510	1
10511	1
10512	1
10513	1
10514	1
10515	1
10516	1
10518	1
10520	1
10521	1
10523	1
10526	1
10528	1
10530	1
10533	1
10535	1
10536	1
10537	1
10538	1
10540	1
10541	1
10542	1
10543	1
10545	1
10546	1
10547	1
10549	1
10551	1
10554	1
10555	1
10557	1
10560	1
10565	1
10566	1
10567	1
10574	1
10575	1
10577	1
10579	1
10580	1
10583	1
10585	1
10586	1
10588	1
10589	1
10591	1
10596	1
10598	1
10600	1
10601	1
10602	1
10603	1
10606	1
10607	1
10608	1
10610	1
10611	1
10614	1
10616	1
10617	1
10618	1
10621	1
10622	1
10623	1
10626	1
10634	1
10635	1
10636	1
10640	1
10641	1
10642	1
10643	1
10647	1
10651	1
10652	1
10654	1
10655	1
10656	1
10658	1
10660	1
10662	1
10663	1
10664	1
10665	1
10666	1
10669	1
10672	1
10673	1
10674	1
10676	1
10677	1
10678	1
10679	1
10681	1
10682	1
10683	1
10685	1
10687	1
10689	1
10690	1
10691	1
10692	1
10695	1
10696	1
10699	1
10702	1
10705	1
10706	1
10707	1
10708	1
10709	1
10710	1
10712	1
10714	1
10715	1
10716	1
10718	1
10719	1
10720	1
10724	1
10725	1
10726	1
10728	1
10734	1
10735	1
10736	1
10737	1
10741	1
10742	1
10744	1
10745	1
10746	1
10747	1
10751	1
10753	1
10756	1
10758	1
10760	1
10761	1
10762	1
10763	1
10765	1
10766	1
10767	1
10768	1
10770	1
10771	1
10772	1
10773	1
10774	1
10776	1
10777	1
10778	0
10779	1
10781	1
10784	1
10785	1
10786	1
10787	1
10790	1
10791	1
10793	1
10794	1
10796	1
10797	1
10798	1
10799	1
10802	1
10804	1
10805	1
10807	1
10810	1
10811	1
10812	1
10817	1
10819	1
10820	1
10821	1
10824	1
10825	1
10828	1
10829	1
10830	1
10833	1
10836	1
10838	1
10842	1
10845	1
10848	1
10852	1
10853	1
10854	1
10856	1
10858	1
10861	1
10862	1
10865	1
10873	1
10875	1
10883	1
10893	1
10897	1
10898	1
10900	1
10901	1
10903	1
10904	1
10915	1
10916	1
10917	1
10921	1
10922	1
10923	1
10924	1
10925	1
10926	1
10927	1
10929	1
10930	1
10932	1
10933	1
10938	1
10940	1
10942	1
10945	1
10949	1
10950	1
10951	1
10952	1
10955	1
10957	1
10961	1
10964	1
10966	1
10968	1
10969	1
10970	1
10971	1
10985	1
10991	1
10992	1
10993	1
10994	1
10995	1
10997	1
10998	1
10999	1
11002	1
11003	1
11004	1
11007	1
11016	1
11019	1
11027	1
11031	1
11034	1
11036	1
11037	1
11039	1
11040	1
11041	1
11043	1
11044	1
11045	1
11046	1
11047	1
11048	1
11049	1
11051	1
11054	1
11057	1
11060	1
11070	1
11071	1
11072	1
11091	1
11096	1
11107	1
11109	1
11110	1
11113	0
11114	1
11115	1
11116	1
11117	1
11126	1
11129	1
11133	1
11134	1
11142	1
11143	1
11144	1
11145	1
11147	1
11149	1
11151	1
11153	1
11155	1
11156	1
11157	1
11158	1
11159	1
11161	1
11162	1
11165	1
11166	1
11169	1
11170	1
11172	1
11173	1
11177	1
11183	1
11186	1
11188	1
11189	1
11197	1
11198	1
11200	1
11202	1
11207	1
11209	1
11210	1
11213	1
11214	1
11215	1
11216	1
11217	1
11219	1
11221	1
11223	1
11224	1
11226	1
11227	1
11228	1
11238	1
11244	1
11247	1
11251	1
11252	1
11257	1
11267	1
11268	1
11269	1
11270	1
11271	1
11272	1
11273	1
11274	1
11277	1
11279	1
11280	1
11281	1
11283	1
11284	1
11287	1
11289	1
11290	1
11291	1
11292	1
11293	1
11295	1
11307	1
11315	1
11319	1
11323	1
11324	1
11328	1
11331	1
11335	1
11343	1
11344	1
11345	1
11355	1
11363	0
11364	1
11381	1
11397	1
11398	1
11400	1
11401	1
11402	1
11403	1
11404	1
11412	1
11423	1
11435	1
11436	1
11439	1
11440	1
11441	1
11442	1
11448	1
11450	1
11457	1
11458	1
11459	1
11463	1
11468	1
11471	1
11472	1
11473	1
11480	1
11481	1
11488	1
11492	1
11505	1
11506	1
11509	1
11510	0
11519	1
11523	1
11555	1
11563	1
11570	1
11591	1
11593	1
11602	1
11611	1
11612	1
11616	1
