1
11
17
26
29
33
36
37
38
41
42
43
56
65
79
80
83
84
85
86
87
88
89
91
92
97
98
99
100
101
102
118
120
231
232
233
234
236
239
240
243
244
245
246
248
251
252
253
254
255
256
257
258
262
264
268
269
271
272
273
274
275
276
277
278
283
284
285
286
287
288
289
290
291
294
295
296
297
298
299
300
301
302
306
307
311
313
314
315
316
317
318
319
320
321
322
323
324
325
328
329
332
333
334
335
336
337
338
342
344
349
350
351
352
353
355
357
358
359
362
364
365
366
367
368
375
377
397
398
399
434
442
452
457
458
459
460
461
462
463
464
496
509
525
543
562
576
577
580
584
587
590
600
606
607
608
609
610
611
612
613
614
615
617
618
620
621
622
623
624
625
626
627
628
629
630
632
636
640
642
652
657
659
669
670
678
711
746
747
748
751
847
869
870
895
896
898
899
900
904
905
907
908
909
910
911
912
913
914
916
917
918
919
920
923
924
947
992
1038
1039
1045
1046
1047
1048
1065
1066
1067
1074
1080
1081
1082
1083
1085
1089
1092
1115
1122
1129
1134
1136
1138
1142
1146
1147
1148
1149
1154
1155
1175
1187
1189
1190
1191
1195
1196
1197
1198
1200
1201
1202
1207
1208
1209
1211
1213
1214
1252
1272
1276
1282
1292
1306
1307
1309
1314
1366
1367
1368
1435
1510
1639
1681
1686
1688
1692
1694
1697
1698
1719
1724
1727
1741
1748
1749
1750
1754
1755
1756
1758
1760
1766
1866
1904
1908
1937
1956
1999
2007
2012
2015
2020
2022
2023
2029
2042
2046
2048
2051
2054
2059
2061
2067
2071
2072
2075
2076
2077
2078
2079
2080
2082
2083
2084
2085
2088
2098
2103
2114
2115
2117
2125
2128
2131
2133
2134
2140
2141
2146
2147
2148
2149
2154
2158
2167
2179
2182
2187
2188
2195
2196
2197
2198
2199
2205
2208
2209
2231
2232
2235
2236
2242
2243
2245
2251
2256
2259
2260
2261
2262
2264
2265
2266
2267
2269
2270
2273
2274
2275
2276
2289
2290
2291
2296
2298
2299
2302
2310
2311
2312
2313
2314
2315
2316
2322
2323
2324
2338
2345
2350
2351
2354
2355
2356
2357
2359
2361
2362
2363
2366
2370
2371
2373
2374
2378
2382
2393
2395
2396
2407
2412
2422
2425
2437
2451
2454
2478
2479
2484
2528
2560
2562
2563
2565
2566
2568
2594
2607
2617
2618
2619
2629
2633
2636
2637
2647
2667
2668
2669
2670
2671
2672
2678
2683
2686
2693
2695
2698
2699
2710
2711
2712
2713
2714
2721
2732
2752
2753
2758
2769
2770
2780
2783
2784
2789
2791
2856
2857
2862
2866
2867
2868
2869
2870
2874
2886
2890
2900
2903
2921
2923
2928
2929
2930
2935
2936
2937
2940
2942
2944
2946
2947
2949
2950
2951
2952
2957
2959
2981
2982
3011
3022
3058
3068
3078
3092
3112
3113
3114
3128
3131
3132
3133
3134
3139
3148
3159
3160
3161
3162
3163
3164
3165
3166
3167
3176
3177
3185
3186
3187
3188
3189
3190
3192
3193
3205
3208
3240
3241
3243
3244
3245
3247
3248
3249
3250
3251
3252
3253
3256
3257
3259
3260
3263
3264
3265
3266
3267
3268
3269
3274
3276
3284
3285
3286
3287
3290
3291
3292
3293
3294
3296
3301
3308
3311
3312
3313
3314
3315
3316
3317
3318
3319
3320
3321
3322
3323
3324
3326
3343
3376
3581
3583
3634
3636
3637
3638
3639
3640
3641
3642
3643
3644
3645
3646
3647
3648
3650
3651
3652
3653
3655
3656
3673
3717
3734
3740
3807
3897
3898
3954
3976
3984
4002
4006
4007
4008
4009
4010
4011
4013
4016
4017
4018
4019
4020
4021
4022
4023
4024
4025
4026
4027
4028
4029
4031
4034
4035
4037
4038
4039
4040
4041
4042
4043
4045
4046
4047
4048
4049
4050
4051
4052
4053
4054
4055
4056
4057
4058
4059
4060
4061
4062
4063
4064
4065
4066
4067
4070
4071
4074
4076
4082
4083
4084
4085
4086
4087
4088
4089
4090
4091
4092
4093
4094
4096
4097
4100
4101
4102
4103
4104
4105
4106
4107
4108
4110
4111
4112
4114
4126
4127
4128
4130
4131
4132
4133
4134
4135
4136
4137
4138
4139
4140
4141
4142
4143
4144
4145
4146
4147
4148
4149
4152
4153
4155
4156
4157
4158
4159
4160
4161
4162
4163
4164
4165
4173
4174
4176
4177
4178
4181
4182
4184
4188
4198
4199
4200
4204
4205
4210
4214
4223
4224
4226
4228
4244
4245
4246
4247
4248
4249
4250
4252
4253
4254
4255
4257
4259
4261
4263
4264
4265
4266
4267
4268
4269
4271
4272
4273
4274
4277
4278
4279
4280
4283
4284
4285
4286
4287
4288
4289
4290
4291
4292
4293
4294
4295
4296
4297
4298
4299
4300
4301
4302
4303
4304
4305
4306
4309
4311
4312
4313
4315
4316
4317
4318
4320
4321
4322
4323
4324
4325
4326
4327
4328
4329
4330
4331
4332
4333
4335
4336
4337
4338
4339
4340
4341
4342
4343
4344
4347
4348
4349
4350
4351
4354
4356
4357
4358
4359
4360
4361
4362
4363
4365
4367
4371
4375
4380
4383
4384
4387
4388
4392
4407
4416
4430
4432
4436
4445
4448
4449
4450
4458
4460
4462
4469
4484
4486
4488
4490
4491
4494
4500
4501
4502
4509
4514
4519
4576
4593
4596
4601
4604
4607
4610
4614
4616
4617
4618
4619
4620
4621
4622
4623
4624
4625
4626
4627
4628
4629
4630
4632
4633
4634
4635
4636
4637
4638
4639
4640
4641
4642
4643
4645
4648
4649
4650
4651
4652
4653
4654
4655
4656
4657
4658
4659
4660
4661
4662
4663
4664
4665
4666
4667
4668
4669
4670
4671
4672
4673
4674
4677
4678
4679
4680
4681
4682
4683
4684
4685
4686
4687
4688
4689
4690
4691
4692
4693
4694
4695
4696
4699
4700
4719
4720
4722
4725
4747
4751
4754
4755
4764
4765
4769
4770
4774
4776
4777
4778
4779
4780
4781
4783
4784
4785
4786
4787
4788
4789
4808
4822
4826
4830
4835
4838
4839
4845
4846
4849
4852
4854
4855
4857
4859
4860
4861
4868
4871
4875
4881
4914
4916
4917
4918
4919
4926
4930
4931
4933
4934
4935
4937
4944
4955
4956
4959
4960
4961
4963
4965
4966
4967
4968
4969
4976
4979
4980
4981
4982
4983
4984
4985
4986
4989
4999
5002
5018
5028
5031
5053
5055
5061
5064
5128
5150
5151
5152
5153
5154
5156
5159
5162
5163
5164
5165
5166
5167
5169
5170
5171
5173
5174
5175
5176
5177
5178
5180
5181
5182
5183
5185
5188
5189
5190
5191
5192
5193
5194
5195
5196
5197
5198
5199
5200
5201
5202
5203
5204
5205
5206
5207
5208
5209
5210
5211
5212
5213
5214
5215
5216
5217
5218
5219
5220
5222
5223
5224
5225
5226
5227
5228
5229
5230
5231
5232
5233
5234
5235
5238
5239
5240
5241
5242
5243
5244
5245
5246
5247
5248
5259
5260
5261
5282
5284
5368
5381
5399
5841
5844
5846
5879
5889
5915
5919
5947
5950
5951
5952
5954
5955
5958
5963
5997
6001
6002
6039
6042
6043
6044
6049
6056
6057
6058
6059
6060
6061
6062
6063
6065
6070
6072
6075
6170
6171
6172
6186
6190
6191
6192
6207
6211
6213
6218
6239
6247
6249
6250
6251
6256
6262
6265
6267
6281
6299
6325
6326
6328
6329
6330
6331
6332
6333
6335
6338
6344
6345
6378
6412
6432
6437
6450
6451
6452
6458
6464
6465
6466
6477
6478
6479
6480
6482
6483
6484
6486
6487
6508
6509
6520
6529
6531
6533
6535
6536
6537
6538
6539
6540
6541
6543
6544
6545
6546
6547
6548
6549
6550
6551
6552
6553
6554
6556
6557
6558
6559
6560
6561
6562
6563
6564
6565
6567
6568
6569
6570
6571
6572
6573
6574
6576
6577
6579
6580
6581
6582
6583
6584
6585
6586
6587
6588
6589
6590
6591
6594
6596
6597
6599
6601
6607
6609
6610
6611
6612
6614
6615
6616
6617
6619
6620
6623
6625
6627
6628
6630
6631
6633
6638
6640
6641
6642
6644
6647
6648
6649
6652
6654
6655
6656
6659
6660
6661
6662
6663
6664
6666
6667
6668
6669
6670
6671
6672
6673
6676
6678
6679
6684
6694
6695
6697
6700
6701
6702
6705
6706
6707
6712
6713
6766
6798
6832
6882
6885
6895
6900
6901
6908
6913
6915
6988
6997
7006
7008
7012
7023
7068
7101
7130
7149
7243
7246
7248
7256
7265
7266
7267
7268
7271
7293
7331
7332
7333
7338
7344
7345
7347
7359
7360
7361
7362
7365
7366
7367
7369
7370
7383
7391
7392
7403
7413
7415
7417
7419
7420
7421
7422
7423
7424
7425
7427
7428
7429
7430
7431
7432
7433
7434
7435
7436
7437
7439
7440
7441
7442
7443
7444
7445
7446
7447
7448
7450
7451
7452
7453
7454
7455
7456
7457
7459
7460
7462
7463
7464
7465
7466
7467
7468
7469
7472
7473
7474
7477
7479
7480
7482
7484
7487
7488
7490
7497
7498
7499
7500
7502
7503
7506
7508
7513
7514
7516
7521
7523
7524
7525
7527
7530
7531
7532
7536
7537
7538
7541
7542
7543
7544
7545
7546
7548
7549
7550
7551
7552
7553
7554
7555
7558
7560
7564
7565
7568
7570
7571
7572
7573
7574
7575
7576
7578
7581
7582
7583
7584
7586
7587
7588
7589
7594
7595
7616
