0
1
2
6
7
12
13
15
17
19
20
21
22
23
24
25
28
29
30
31
32
33
36
43
78
94
95
97
98
99
100
101
102
106
115
194
201
202
204
205
206
211
212
213
214
242
243
269
273
275
276
277
291
300
304
305
308
309
310
311
312
313
314
315
318
321
322
325
326
327
328
329
330
331
332
333
334
335
336
337
338
339
340
341
342
343
346
349
355
356
357
358
359
360
361
362
363
364
365
366
367
368
369
370
371
372
373
374
375
376
377
378
379
380
381
382
383
385
386
387
388
389
390
391
392
393
394
395
396
397
398
399
400
401
402
403
404
405
406
407
409
410
411
412
413
415
416
417
418
419
420
421
422
423
424
425
426
428
429
430
431
433
434
435
436
437
438
439
441
442
443
444
446
447
448
449
450
451
456
457
458
461
463
464
465
466
467
468
469
471
472
473
474
475
476
477
478
479
480
481
482
483
484
485
486
487
492
493
496
497
498
499
500
501
502
503
504
505
506
507
509
510
512
513
514
515
516
517
518
519
520
521
522
523
524
525
526
527
528
529
532
533
534
536
537
539
540
542
543
544
545
546
547
548
549
550
551
552
553
554
555
556
557
558
559
560
561
563
566
567
568
569
570
572
573
574
575
576
577
578
580
581
582
583
584
585
586
587
590
591
592
593
594
595
596
597
598
599
600
601
602
603
605
606
609
610
611
612
613
614
615
616
617
618
619
620
621
622
623
624
625
626
627
628
629
630
631
632
633
634
635
636
637
638
639
640
642
643
644
645
646
647
648
649
650
651
652
654
655
656
657
658
659
660
661
662
663
664
665
666
667
668
669
670
671
672
673
674
675
676
677
678
679
680
681
682
683
684
685
686
688
689
690
692
693
694
695
696
697
698
699
700
701
702
703
705
706
707
709
710
711
712
713
714
715
716
717
719
720
721
724
725
726
727
728
729
730
731
732
733
734
735
736
737
738
739
740
741
742
745
746
747
749
750
751
752
753
754
755
756
757
758
759
760
761
762
763
764
765
766
767
769
772
773
778
779
781
782
783
787
788
789
790
791
792
793
794
795
796
797
798
799
800
801
802
803
804
805
806
807
808
809
810
811
812
813
814
816
817
818
819
820
821
822
823
824
825
826
827
828
829
830
831
833
834
835
836
837
838
839
840
845
846
847
848
850
851
852
857
859
860
861
862
863
864
865
866
874
875
876
877
878
880
881
882
883
903
905
911
921
929
935
938
943
984
988
1012
1013
1014
1015
1016
1017
1018
1019
1020
1021
1022
1023
1024
1025
1026
1027
1028
1029
1030
1031
1032
1033
1034
1035
1036
1037
1038
1039
1040
1041
1042
1043
1044
1045
1046
1047
1048
1049
1050
1051
1052
1053
1054
1056
1057
1058
1059
1060
1061
1062
1063
1064
1065
1066
1067
1068
1069
1070
1071
1072
1073
1074
1075
1076
1077
1078
1079
1080
1081
1082
1083
1084
1085
1086
1087
1088
1089
1090
1091
1092
1093
1094
1095
1096
1097
1098
1099
1100
1101
1102
1103
1104
1105
1106
1107
1108
1109
1110
1111
1112
1113
1114
1115
1116
1117
1118
1119
1120
1121
1122
1123
1124
1125
1126
1127
1128
1135
1136
1137
1138
1139
1140
1143
1144
1145
1147
1148
1149
1150
1151
1152
1153
1155
1157
1159
1160
1161
1162
1163
1164
1167
1168
1169
1170
1171
1172
1173
1174
1175
1176
1177
1178
1179
1180
1181
1183
1186
1187
1189
1190
1191
1192
1193
1195
1196
1197
1198
1199
1200
1201
1202
1203
1204
1205
1208
1211
1212
1214
1215
1216
1217
1218
1220
1221
1222
1223
1224
1226
1227
1229
1230
1231
1232
1234
1236
1237
1238
1239
1240
1241
1242
1243
1245
1247
1248
1249
1250
1251
1252
1253
1254
1255
1256
1257
1258
1260
1261
1262
1263
1264
1265
1266
1267
1268
1269
1270
1271
1272
1273
1274
1275
1277
1280
1281
1282
1283
1284
1285
1290
1292
1297
1298
1300
1301
1302
1303
1304
1305
1306
1307
1308
1309
1310
1311
1319
1320
1321
1323
1324
1325
1326
1327
1328
1329
1330
1331
1333
1335
1336
1338
1339
1340
1341
1342
1343
1344
1345
1346
1347
1348
1349
1351
1352
1353
1354
1355
1356
1357
1358
1364
1365
1366
1367
1368
1369
1370
1371
1372
1373
1374
1376
1377
1378
1379
1380
1382
1383
1384
1385
1386
1387
1390
1391
1392
1394
1395
1396
1398
1399
1400
1401
1402
1403
1404
1405
1406
1407
1408
1409
1412
1413
1414
1415
1416
1417
1420
1421
1424
1426
1427
1428
1429
1430
1431
1432
1433
1434
1435
1436
1437
1439
1440
1441
1442
1443
1445
1446
1448
1449
1450
1451
1452
1453
1454
1455
1456
1457
1458
1459
1460
1461
1462
1463
1464
1465
1466
1470
1471
1473
1477
1478
1480
1481
1482
1483
1485
1486
1487
1488
1489
1490
1491
1496
1498
1500
1501
1502
1503
1504
1505
1506
1507
1508
1509
1510
1511
1512
1513
1514
1515
1516
1517
1518
1519
1520
1521
1522
1523
1524
1525
1526
1527
1528
1529
1530
1531
1533
1535
1536
1537
1538
1539
1540
1541
1542
1543
1544
1545
1546
1547
1549
1550
1551
1552
1553
1555
1556
1557
1558
1563
1568
1570
1572
1573
1574
1575
1579
1592
1597
1598
1601
1602
1603
1604
1605
1606
1607
1608
1609
1610
1611
1612
1613
1615
1617
1618
1621
1622
1625
1627
1633
1637
1638
1639
1640
1643
1646
1648
1649
1650
1653
1661
1662
1663
1665
1666
1670
1671
1682
1684
1685
1688
1705
1716
1721
1723
1724
1727
1728
1729
1733
1734
1735
1736
1737
1738
1739
1740
1741
1742
1743
1744
1745
1746
1747
1748
1781
1794
1868
1936
1946
1956
1958
1974
1977
1980
1981
1982
1983
1984
1985
1986
1987
1988
1989
1990
1991
1993
1994
1995
1996
1997
1998
1999
2000
2001
2002
2003
2004
2005
2006
2007
2008
2009
2010
2011
2012
2013
2014
2015
2016
2017
2018
2020
2021
2022
2023
2024
2025
2027
2029
2032
2034
2035
2036
2037
2038
2040
2041
2043
2044
2045
2048
2049
2050
2051
2052
2053
2056
2057
2061
2065
2067
2068
2069
2070
2071
2072
2073
2074
2075
2076
2080
2081
2082
2083
2084
2085
2086
2089
2090
2091
2092
2093
2094
2095
2096
2097
2098
2099
2100
2101
2102
2103
2104
2105
2106
2107
2108
2109
2110
2111
2112
2113
2114
2115
2116
2117
2118
2119
2121
2122
2124
2125
2126
2127
2133
2143
2144
2145
2146
2147
2148
2149
2150
2151
2152
2153
2154
2155
2156
2157
2158
2161
2162
2163
2164
2166
2167
2168
2169
2170
2171
2172
2173
2175
2176
2177
2182
2198
2200
2201
2203
2204
2205
2206
2207
2208
2210
2211
2212
2221
2222
2225
2226
2227
2231
2232
2233
2235
2236
2249
2250
2252
2253
2256
2257
2258
2260
2261
2262
2263
2265
2268
2272
2273
2274
2275
2277
2278
2280
2281
2294
2295
2298
2299
2301
2302
2303
2304
2305
2307
2310
2311
2312
2314
2316
2318
2319
2320
2322
2323
2324
2325
2327
2328
2329
2333
2334
2336
2338
2340
2342
2348
2352
2353
2354
2355
2357
2358
2359
2360
2361
2362
2364
2370
2371
2372
2373
2375
2386
2391
2392
2411
2412
2413
2415
2416
2417
2418
2419
2421
2422
2424
2425
2426
2430
2433
2434
2435
2436
2437
2439
2440
2442
2443
2444
2445
2446
2447
2448
2449
2450
2451
2452
2453
2454
2455
2456
2458
2459
2460
2461
2463
2464
2465
2466
2467
2468
2469
2470
2471
2472
2473
2475
2476
2477
2478
2479
2480
2481
2482
2484
2485
2486
2487
2488
2489
2491
2492
2494
2495
2496
2497
2499
2500
2501
2503
2504
2505
2506
2507
2508
2509
2512
2514
2517
2518
2519
2520
2522
2524
2525
2526
2527
2529
2530
2532
2533
2534
2535
2536
2537
2538
2539
2540
2541
2542
2543
2544
2545
2546
2547
2548
2549
2550
2551
2552
2554
2555
2557
2558
2560
2561
2562
2563
2564
2565
2566
2567
2568
2569
2570
2571
2572
2573
2574
2575
2576
2577
2578
2579
2580
2581
2582
2584
2585
2586
2587
2588
2589
2591
2593
2594
2595
2596
2598
2599
2601
2602
2603
2604
2605
2607
2609
2610
2611
2612
2613
2614
2616
2620
2621
2622
2623
2624
2625
2626
2627
2628
2637
2638
2639
2640
2644
2645
2646
2647
2648
2649
2650
2651
2653
2654
2655
2657
2658
2659
2660
2661
2665
2668
2671
2680
2681
2685
2704
2718
2719
2720
2721
2723
2724
2725
2726
2727
2728
2730
2731
2735
2737
2739
2740
2742
2743
2744
2745
2746
2747
2748
2750
2752
2753
2754
2755
2757
2758
2759
2760
2761
2764
2769
2770
2772
2773
2774
2775
2776
2777
2780
2781
2782
2785
2794
2795
2796
2798
2799
2803
2804
2817
2818
2819
2820
2821
2823
2838
2849
2854
2857
2859
2864
2865
2866
2869
2870
2871
2874
2875
2876
2877
2879
2880
2881
2882
2883
2884
2886
2892
2893
2895
2897
2907
2912
2913
2932
2933
2934
2935
2937
2938
2939
2940
2941
2943
2944
2946
2947
2948
2951
2954
2955
2956
2957
2958
2959
2992
3005
3079
3147
3157
3167
3169
3185
3188
3191
3192
3193
3194
3195
3223
3226
3250
3254
3256
3257
3258
3270
3280
3284
3285
3286
3288
3291
3292
3293
3294
3295
3296
3297
3298
3301
3304
3305
3308
3309
3310
3311
3312
3313
3314
3315
3335
3339
3344
3354
3363
3369
3372
3375
3377
3414
3420
3443
3444
3445
3446
3450
3459
3537
3544
3545
3547
3549
3554
3555
3556
3557
3559
3560
3561
3562
3563
3564
3565
3566
3567
3569
3570
3571
3572
3573
3574
3577
3578
3581
3583
3584
3585
3586
3587
3588
3589
3590
3591
3592
3595
3596
3597
3598
3599
3601
3602
3604
3605
3606
3607
3608
3609
3610
3611
3612
3613
3614
3615
3616
3617
3618
3619
3620
3621
3623
3624
3627
3628
