0	1
1	1
2	1
6	1
7	1
12	0
13	1
15	1
17	0
19	1
20	1
21	1
22	1
23	1
24	1
25	1
28	1
29	0
30	0
31	0
32	1
33	0
36	1
43	1
78	1
94	1
95	1
97	0
98	0
99	0
100	0
101	0
102	0
106	1
115	1
194	0
201	1
202	1
204	1
205	1
206	1
211	1
212	1
213	1
214	1
242	1
243	1
269	1
273	1
275	1
276	1
277	1
291	1
300	0
304	1
305	1
308	1
309	1
310	1
311	1
312	1
313	0
314	0
315	1
318	1
321	1
322	1
325	1
326	1
327	1
328	1
329	1
330	1
331	1
332	1
333	1
334	1
335	1
336	1
337	0
338	0
339	1
340	1
341	1
342	1
343	1
346	0
349	1
355	1
356	1
357	1
358	1
359	1
360	1
361	1
362	1
363	1
364	1
365	1
366	1
367	1
368	1
369	0
370	1
371	1
372	1
373	1
374	1
375	1
376	1
377	1
378	1
379	1
380	1
381	1
382	1
383	1
385	1
386	1
387	1
388	1
389	1
390	1
391	1
392	1
393	1
394	1
395	1
396	1
397	1
398	1
399	1
400	1
401	1
402	1
403	1
404	1
405	1
406	1
407	1
409	1
410	1
411	1
412	1
413	1
415	1
416	1
417	1
418	1
419	1
420	1
421	1
422	1
423	1
424	1
425	1
426	1
428	1
429	1
430	1
431	1
433	1
434	1
435	1
436	1
437	1
438	1
439	1
441	1
442	1
443	1
444	1
446	1
447	1
448	1
449	1
450	1
451	1
456	1
457	1
458	1
461	1
463	1
464	1
465	1
466	1
467	1
468	1
469	1
471	1
472	1
473	1
474	1
475	1
476	1
477	1
478	1
479	1
480	1
481	1
482	0
483	0
484	0
485	0
486	1
487	1
492	1
493	1
496	0
497	1
498	1
499	1
500	1
501	1
502	1
503	1
504	1
505	1
506	1
507	1
509	1
510	1
512	1
513	1
514	1
515	1
516	1
517	1
518	1
519	1
520	1
521	1
522	1
523	1
524	1
525	1
526	1
527	1
528	1
529	1
532	1
533	1
534	1
536	1
537	1
539	1
540	1
542	1
543	1
544	1
545	1
546	1
547	1
548	1
549	1
550	1
551	1
552	1
553	1
554	1
555	1
556	1
557	1
558	1
559	1
560	1
561	1
563	1
566	1
567	1
568	1
569	1
570	1
572	1
573	1
574	1
575	1
576	1
577	0
578	1
580	1
581	1
582	1
583	1
584	1
585	1
586	1
587	1
590	1
591	1
592	1
593	1
594	1
595	1
596	1
597	1
598	1
599	1
600	1
601	1
602	1
603	1
605	1
606	1
609	1
610	1
611	1
612	1
613	1
614	1
615	1
616	1
617	1
618	1
619	1
620	1
621	1
622	1
623	1
624	1
625	1
626	1
627	1
628	1
629	1
630	1
631	1
632	1
633	1
634	1
635	1
636	1
637	1
638	1
639	1
640	1
642	1
643	1
644	1
645	1
646	1
647	1
648	1
649	1
650	1
651	1
652	1
654	1
655	1
656	1
657	1
658	1
659	1
660	1
661	1
662	1
663	1
664	1
665	1
666	1
667	1
668	1
669	1
670	1
671	1
672	1
673	1
674	1
675	1
676	1
677	1
678	1
679	1
680	1
681	1
682	1
683	1
684	1
685	1
686	1
688	1
689	1
690	1
692	1
693	1
694	1
695	1
696	1
697	1
698	1
699	1
700	1
701	1
702	1
703	1
705	1
706	1
707	1
709	1
710	1
711	1
712	1
713	1
714	1
715	1
716	1
717	1
719	1
720	1
721	1
724	1
725	1
726	1
727	1
728	1
729	1
730	1
731	1
732	1
733	1
734	1
735	1
736	1
737	1
738	1
739	1
740	1
741	1
742	1
745	1
746	1
747	1
749	1
750	1
751	1
752	1
753	1
754	1
755	1
756	0
757	1
758	1
759	1
760	1
761	1
762	1
763	1
764	1
765	1
766	1
767	1
769	1
772	1
773	1
778	1
779	1
781	1
782	1
783	1
787	0
788	1
789	1
790	1
791	1
792	1
793	1
794	1
795	1
796	1
797	1
798	1
799	1
800	1
801	1
802	1
803	1
804	1
805	1
806	1
807	0
808	1
809	1
810	1
811	1
812	1
813	0
814	1
816	1
817	1
818	1
819	1
820	1
821	0
822	1
823	1
824	1
825	1
826	1
827	1
828	1
829	1
830	1
831	1
833	1
834	1
835	1
836	1
837	1
838	1
839	1
840	1
845	1
846	1
847	1
848	1
850	1
851	1
852	1
857	1
859	1
860	1
861	1
862	1
863	1
864	1
865	1
866	1
874	1
875	1
876	1
877	1
878	1
880	1
881	1
882	1
883	1
903	1
905	1
911	1
921	1
929	1
935	1
938	1
943	1
984	1
988	1
1012	1
1013	1
1014	1
1015	1
1016	1
1017	1
1018	1
1019	1
1020	1
1021	1
1022	0
1023	0
1024	0
1025	0
1026	0
1027	0
1028	0
1029	0
1030	0
1031	0
1032	0
1033	0
1034	0
1035	0
1036	0
1037	0
1038	0
1039	0
1040	0
1041	0
1042	0
1043	0
1044	0
1045	0
1046	0
1047	0
1048	0
1049	0
1050	0
1051	0
1052	0
1053	0
1054	0
1056	0
1057	0
1058	0
1059	0
1060	0
1061	0
1062	0
1063	0
1064	0
1065	0
1066	0
1067	0
1068	0
1069	0
1070	0
1071	0
1072	0
1073	0
1074	0
1075	0
1076	0
1077	0
1078	0
1079	0
1080	0
1081	0
1082	0
1083	0
1084	0
1085	0
1086	0
1087	0
1088	0
1089	0
1090	0
1091	0
1092	1
1093	1
1094	1
1095	1
1096	1
1097	1
1098	1
1099	1
1100	1
1101	1
1102	1
1103	1
1104	1
1105	1
1106	1
1107	1
1108	1
1109	1
1110	1
1111	1
1112	1
1113	1
1114	1
1115	1
1116	1
1117	1
1118	1
1119	1
1120	1
1121	1
1122	1
1123	1
1124	1
1125	1
1126	0
1127	1
1128	1
1135	1
1136	1
1137	1
1138	0
1139	0
1140	0
1143	0
1144	0
1145	0
1147	0
1148	1
1149	1
1150	1
1151	1
1152	1
1153	1
1155	1
1157	1
1159	1
1160	1
1161	1
1162	1
1163	1
1164	1
1167	0
1168	0
1169	0
1170	0
1171	0
1172	0
1173	0
1174	0
1175	0
1176	0
1177	0
1178	0
1179	0
1180	0
1181	0
1183	0
1186	0
1187	0
1189	0
1190	0
1191	0
1192	0
1193	0
1195	0
1196	0
1197	0
1198	0
1199	0
1200	0
1201	0
1202	0
1203	0
1204	0
1205	0
1208	0
1211	0
1212	0
1214	0
1215	0
1216	1
1217	1
1218	0
1220	0
1221	0
1222	0
1223	1
1224	0
1226	0
1227	0
1229	1
1230	0
1231	1
1232	1
1234	1
1236	1
1237	0
1238	0
1239	1
1240	0
1241	1
1242	0
1243	0
1245	1
1247	1
1248	1
1249	0
1250	1
1251	1
1252	1
1253	1
1254	0
1255	0
1256	1
1257	0
1258	1
1260	1
1261	1
1262	1
1263	1
1264	1
1265	1
1266	0
1267	1
1268	1
1269	1
1270	1
1271	1
1272	1
1273	1
1274	1
1275	1
1277	0
1280	0
1281	0
1282	1
1283	1
1284	0
1285	0
1290	1
1292	1
1297	1
1298	1
1300	1
1301	1
1302	0
1303	1
1304	1
1305	1
1306	1
1307	1
1308	1
1309	1
1310	1
1311	0
1319	0
1320	0
1321	0
1323	1
1324	1
1325	1
1326	1
1327	1
1328	1
1329	0
1330	0
1331	0
1333	0
1335	0
1336	1
1338	1
1339	0
1340	1
1341	1
1342	1
1343	1
1344	1
1345	1
1346	0
1347	0
1348	0
1349	0
1351	1
1352	0
1353	0
1354	0
1355	0
1356	1
1357	1
1358	0
1364	0
1365	0
1366	0
1367	0
1368	0
1369	0
1370	0
1371	0
1372	0
1373	1
1374	0
1376	0
1377	1
1378	0
1379	0
1380	0
1382	0
1383	0
1384	1
1385	0
1386	1
1387	1
1390	1
1391	1
1392	1
1394	0
1395	1
1396	1
1398	1
1399	1
1400	1
1401	1
1402	0
1403	0
1404	0
1405	0
1406	0
1407	0
1408	0
1409	0
1412	1
1413	1
1414	1
1415	1
1416	1
1417	1
1420	1
1421	1
1424	1
1426	1
1427	1
1428	1
1429	1
1430	0
1431	0
1432	1
1433	0
1434	1
1435	0
1436	1
1437	1
1439	1
1440	1
1441	1
1442	1
1443	1
1445	1
1446	1
1448	1
1449	1
1450	1
1451	1
1452	1
1453	1
1454	0
1455	0
1456	0
1457	0
1458	1
1459	1
1460	0
1461	1
1462	0
1463	1
1464	1
1465	0
1466	1
1470	1
1471	1
1473	1
1477	1
1478	0
1480	0
1481	1
1482	0
1483	0
1485	0
1486	0
1487	0
1488	0
1489	1
1490	1
1491	1
1496	0
1498	0
1500	0
1501	0
1502	0
1503	0
1504	0
1505	0
1506	0
1507	0
1508	0
1509	0
1510	0
1511	0
1512	0
1513	0
1514	0
1515	0
1516	0
1517	0
1518	0
1519	0
1520	0
1521	0
1522	1
1523	0
1524	1
1525	0
1526	0
1527	1
1528	0
1529	0
1530	0
1531	0
1533	1
1535	0
1536	0
1537	1
1538	0
1539	1
1540	1
1541	0
1542	0
1543	0
1544	0
1545	0
1546	0
1547	0
1549	0
1550	0
1551	0
1552	0
1553	0
1555	0
1556	0
1557	0
1558	0
1563	1
1568	0
1570	1
1572	1
1573	1
1574	1
1575	1
1579	0
1592	1
1597	1
1598	1
1601	1
1602	1
1603	1
1604	0
1605	1
1606	1
1607	1
1608	1
1609	1
1610	1
1611	1
1612	1
1613	1
1615	1
1617	1
1618	1
1621	1
1622	1
1625	1
1627	1
1633	1
1637	1
1638	1
1639	0
1640	1
1643	0
1646	0
1648	1
1649	0
1650	1
1653	1
1661	1
1662	1
1663	1
1665	1
1666	1
1670	1
1671	1
1682	1
1684	1
1685	1
1688	1
1705	1
1716	1
1721	1
1723	1
1724	1
1727	1
1728	1
1729	1
1733	1
1734	1
1735	1
1736	1
1737	1
1738	1
1739	1
1740	1
1741	1
1742	1
1743	1
1744	1
1745	0
1746	1
1747	1
1748	1
1781	1
1794	1
1868	1
1936	1
1946	1
1956	1
1958	1
1974	1
1977	1
1980	1
1981	1
1982	1
1983	1
1984	0
1985	0
1986	0
1987	0
1988	0
1989	0
1990	0
1991	0
1993	0
1994	0
1995	0
1996	1
1997	0
1998	0
1999	0
2000	0
2001	0
2002	0
2003	0
2004	0
2005	0
2006	0
2007	0
2008	0
2009	0
2010	0
2011	0
2012	0
2013	0
2014	0
2015	0
2016	0
2017	0
2018	0
2020	0
2021	0
2022	0
2023	0
2024	0
2025	0
2027	0
2029	0
2032	0
2034	0
2035	1
2036	1
2037	0
2038	0
2040	0
2041	1
2043	1
2044	1
2045	1
2048	1
2049	1
2050	1
2051	1
2052	1
2053	1
2056	1
2057	1
2061	1
2065	1
2067	1
2068	1
2069	1
2070	1
2071	1
2072	1
2073	1
2074	1
2075	1
2076	1
2080	1
2081	1
2082	0
2083	0
2084	0
2085	0
2086	0
2089	0
2090	0
2091	0
2092	0
2093	0
2094	0
2095	0
2096	0
2097	1
2098	1
2099	0
2100	0
2101	0
2102	0
2103	0
2104	0
2105	0
2106	0
2107	0
2108	0
2109	0
2110	1
2111	0
2112	0
2113	0
2114	0
2115	1
2116	1
2117	1
2118	1
2119	1
2121	1
2122	0
2124	1
2125	1
2126	0
2127	0
2133	1
2143	1
2144	1
2145	1
2146	1
2147	1
2148	1
2149	1
2150	1
2151	1
2152	1
2153	1
2154	1
2155	1
2156	1
2157	1
2158	1
2161	1
2162	0
2163	1
2164	1
2166	1
2167	1
2168	1
2169	1
2170	1
2171	1
2172	0
2173	1
2175	1
2176	0
2177	1
2182	1
2198	1
2200	1
2201	1
2203	1
2204	1
2205	1
2206	1
2207	1
2208	1
2210	0
2211	0
2212	0
2221	1
2222	1
2225	1
2226	1
2227	1
2231	0
2232	0
2233	0
2235	1
2236	1
2249	1
2250	1
2252	1
2253	1
2256	0
2257	0
2258	0
2260	0
2261	1
2262	1
2263	1
2265	1
2268	1
2272	1
2273	1
2274	1
2275	1
2277	1
2278	1
2280	1
2281	0
2294	1
2295	1
2298	1
2299	0
2301	1
2302	0
2303	1
2304	1
2305	1
2307	1
2310	1
2311	1
2312	1
2314	1
2316	1
2318	1
2319	1
2320	1
2322	1
2323	1
2324	1
2325	1
2327	1
2328	1
2329	1
2333	1
2334	1
2336	1
2338	1
2340	1
2342	1
2348	1
2352	0
2353	1
2354	0
2355	1
2357	1
2358	1
2359	1
2360	1
2361	1
2362	1
2364	1
2370	1
2371	1
2372	1
2373	1
2375	1
2386	0
2391	1
2392	1
2411	1
2412	1
2413	1
2415	1
2416	0
2417	0
2418	0
2419	0
2421	1
2422	1
2424	0
2425	1
2426	0
2430	0
2433	0
2434	0
2435	1
2436	1
2437	1
2439	0
2440	0
2442	0
2443	0
2444	0
2445	0
2446	1
2447	1
2448	1
2449	1
2450	1
2451	1
2452	1
2453	1
2454	1
2455	1
2456	1
2458	1
2459	1
2460	1
2461	1
2463	1
2464	1
2465	1
2466	1
2467	1
2468	1
2469	1
2470	1
2471	1
2472	1
2473	1
2475	1
2476	1
2477	1
2478	1
2479	1
2480	1
2481	0
2482	1
2484	0
2485	1
2486	1
2487	1
2488	1
2489	1
2491	1
2492	1
2494	1
2495	1
2496	1
2497	0
2499	1
2500	1
2501	0
2503	1
2504	1
2505	1
2506	1
2507	1
2508	1
2509	1
2512	1
2514	1
2517	1
2518	1
2519	1
2520	1
2522	1
2524	1
2525	1
2526	1
2527	0
2529	1
2530	1
2532	1
2533	1
2534	1
2535	1
2536	1
2537	0
2538	1
2539	1
2540	1
2541	1
2542	1
2543	1
2544	1
2545	1
2546	1
2547	1
2548	1
2549	1
2550	1
2551	1
2552	1
2554	1
2555	1
2557	1
2558	1
2560	1
2561	1
2562	1
2563	1
2564	1
2565	1
2566	1
2567	1
2568	1
2569	0
2570	1
2571	1
2572	1
2573	1
2574	1
2575	1
2576	1
2577	1
2578	1
2579	1
2580	1
2581	1
2582	1
2584	1
2585	1
2586	1
2587	1
2588	1
2589	1
2591	1
2593	1
2594	1
2595	1
2596	0
2598	1
2599	1
2601	1
2602	1
2603	1
2604	1
2605	1
2607	1
2609	1
2610	1
2611	0
2612	1
2613	1
2614	1
2616	1
2620	1
2621	1
2622	1
2623	1
2624	1
2625	1
2626	1
2627	1
2628	1
2637	1
2638	1
2639	1
2640	1
2644	1
2645	1
2646	1
2647	1
2648	1
2649	0
2650	0
2651	1
2653	0
2654	0
2655	1
2657	0
2658	0
2659	1
2660	0
2661	0
2665	1
2668	1
2671	1
2680	1
2681	1
2685	1
2704	1
2718	1
2719	1
2720	1
2721	1
2723	1
2724	1
2725	1
2726	1
2727	1
2728	1
2730	1
2731	1
2735	1
2737	1
2739	1
2740	1
2742	1
2743	1
2744	1
2745	1
2746	1
2747	1
2748	1
2750	1
2752	1
2753	1
2754	1
2755	1
2757	1
2758	1
2759	0
2760	0
2761	0
2764	1
2769	0
2770	0
2772	0
2773	1
2774	0
2775	1
2776	0
2777	1
2780	1
2781	1
2782	1
2785	1
2794	1
2795	1
2796	1
2798	1
2799	1
2803	1
2804	1
2817	1
2818	1
2819	1
2820	1
2821	1
2823	1
2838	1
2849	1
2854	1
2857	1
2859	1
2864	1
2865	1
2866	1
2869	1
2870	1
2871	1
2874	0
2875	1
2876	0
2877	1
2879	1
2880	1
2881	1
2882	1
2883	1
2884	1
2886	1
2892	1
2893	1
2895	1
2897	1
2907	0
2912	1
2913	1
2932	1
2933	1
2934	1
2935	1
2937	1
2938	0
2939	0
2940	0
2941	0
2943	1
2944	1
2946	0
2947	1
2948	0
2951	0
2954	0
2955	0
2956	1
2957	1
2958	1
2959	1
2992	1
3005	1
3079	1
3147	1
3157	1
3167	1
3169	1
3185	1
3188	1
3191	1
3192	1
3193	1
3194	1
3195	1
3223	1
3226	1
3250	1
3254	1
3256	1
3257	1
3258	1
3270	1
3280	0
3284	1
3285	1
3286	1
3288	1
3291	1
3292	1
3293	1
3294	1
3295	1
3296	0
3297	0
3298	1
3301	1
3304	1
3305	1
3308	1
3309	1
3310	1
3311	1
3312	1
3313	1
3314	1
3315	1
3335	1
3339	1
3344	1
3354	1
3363	1
3369	1
3372	1
3375	1
3377	1
3414	1
3420	1
3443	1
3444	1
3445	1
3446	1
3450	1
3459	1
3537	0
3544	1
3545	1
3547	1
3549	1
3554	1
3555	1
3556	1
3557	1
3559	1
3560	1
3561	1
3562	1
3563	1
3564	1
3565	0
3566	1
3567	0
3569	1
3570	1
3571	1
3572	1
3573	1
3574	1
3577	1
3578	1
3581	1
3583	1
3584	1
3585	1
3586	1
3587	0
3588	0
3589	1
3590	1
3591	1
3592	1
3595	1
3596	1
3597	1
3598	1
3599	1
3601	1
3602	1
3604	1
3605	1
3606	1
3607	1
3608	0
3609	0
3610	0
3611	0
3612	1
3613	1
3614	1
3615	0
3616	1
3617	1
3618	0
3619	1
3620	1
3621	1
3623	1
3624	1
3627	1
3628	1
