23
44
45
46
47
48
49
50
51
52
53
72
73
75
200
202
249
286
296
298
304
316
319
320
327
361
362
363
366
368
369
370
375
376
379
380
381
382
385
387
388
389
394
395
403
404
407
413
414
415
417
418
419
420
421
422
428
430
431
435
436
437
438
439
443
447
451
454
461
465
466
467
468
544
552
651
652
653
658
659
665
667
668
669
681
682
684
691
694
797
799
800
814
904
941
995
999
1122
1123
1124
1125
1129
1197
1223
1224
1225
1226
1227
1228
1229
1230
1231
1232
1233
1234
1235
1236
1238
1239
1240
1241
1242
1243
1244
1245
1246
1247
1248
1249
1250
1251
1252
1253
1254
1255
1256
1257
1258
1259
1260
1261
1262
1263
1266
1267
1268
1269
1270
1271
1272
1273
1274
1275
1276
1277
1278
1279
1280
1281
1282
1283
1284
1285
1286
1287
1288
1289
1290
1291
1292
1293
1294
1295
1298
1299
1300
1301
1303
1304
1305
1306
1307
1308
1309
1310
1311
1312
1313
1315
1316
1317
1318
1319
1321
1322
1323
1324
1325
1326
1327
1328
1329
1330
1331
1332
1333
1334
1335
1336
1337
1338
1339
1340
1341
1387
1391
1522
1525
1526
1527
1528
1529
1530
1531
1533
1534
1564
1565
1569
1570
1571
1572
1573
1574
1575
1576
1577
1578
1579
1580
1581
1582
1583
1590
1598
1622
1623
1628
1629
1634
1639
1640
1642
1649
1663
1664
1665
1680
1681
1682
1683
1690
1701
1793
1795
1800
1802
1804
1870
1873
2112
2139
2140
2156
2160
2179
2185
2192
2198
2216
2229
2240
2368
2369
2370
2372
2374
2377
2378
2382
2386
2393
2394
2435
2436
2437
2438
2439
2440
2441
2442
2444
2445
2446
2448
2449
2450
2451
2453
2454
2455
2457
2459
2462
2463
2464
2465
2466
2467
2469
2470
2471
2472
2473
2475
2476
2477
2478
2479
2481
2485
2486
2487
2488
2489
2490
2491
2492
2493
2494
2495
2496
2498
2499
2500
2501
2502
2503
2504
2505
2506
2507
2508
2510
2511
2512
2513
2514
2515
2516
2517
2518
2519
2520
2521
2522
2523
2524
2525
2526
2528
2529
2530
2531
2532
2533
2534
2535
2536
2537
2542
2544
2545
2546
2547
2548
2549
2550
2551
2552
2553
2556
2557
2560
2561
2562
2565
2566
2567
2568
2569
2570
2571
2573
2574
2575
2576
2577
2578
2579
2580
2581
2582
2583
2584
2585
2586
2587
2588
2592
2593
2594
2595
2596
2597
2598
2599
2600
2601
2602
2603
2605
2607
2608
2609
2612
2616
2617
2618
2619
2620
2622
2623
2625
2626
2627
2628
2858
2865
3042
3043
3077
3191
3194
3195
3196
3201
3211
3387
3399
3404
3843
3874
3924
3925
3926
3927
3928
3929
3930
3931
3932
3933
3934
3935
3936
3938
3939
3940
3941
3942
3943
3944
3945
3946
3947
3948
3949
3950
3951
3952
3953
3954
3955
3956
3958
3959
3960
3961
3962
3963
3964
3965
3966
3967
3968
3969
3970
3971
3972
3973
3974
3975
3976
3977
3978
3979
3980
3981
3983
3984
3985
3986
3987
3989
3990
3992
3993
3995
3996
3997
3998
3999
4000
4001
4002
4003
4005
4006
4007
4125
4384
4385
4386
4387
4391
4394
4395
4396
4398
4407
4442
4444
4447
4448
4449
4451
4452
4453
4454
4455
4495
4496
4509
4510
4511
4512
4513
4515
4573
4574
4606
4608
4609
4611
4612
4613
4615
4629
4638
4673
4691
4789
4790
4800
4863
4865
4980
5211
5212
5213
5214
5215
5216
5217
5218
5219
5220
5347
5469
5470
5480
5608
5616
