14
26
33
43
65
66
73
74
107
109
128
136
141
156
161
162
181
209
212
216
217
222
266
270
271
280
285
287
294
302
308
323
324
330
368
370
371
378
416
419
420
421
423
426
428
431
432
435
437
438
440
442
443
449
453
454
456
457
459
460
462
465
467
468
469
470
473
474
482
484
485
488
489
490
493
498
519
520
530
532
567
582
593
595
614
622
635
652
661
679
697
701
702
720
729
732
734
737
740
741
743
744
747
753
766
771
810
823
824
843
851
852
853
857
860
861
866
867
868
873
887
892
913
927
933
934
936
938
977
1005
1008
1075
1076
1085
1090
1091
1094
1096
1100
1102
1115
1118
1139
1140
1164
1201
1202
1215
1220
1243
1244
1259
1264
1266
1267
1269
1270
1279
1286
1291
1292
1293
1294
1301
1306
1307
1309
1312
1313
1314
1316
1318
1321
1323
1324
1326
1327
1330
1369
1372
1373
1390
1400
1407
1418
1422
1437
1465
1475
1496
1497
1498
1507
1510
1520
1537
1538
1562
1568
1591
1606
1619
1631
1653
1662
1665
1666
1668
1675
1701
1703
1719
1764
1807
1876
1883
1916
1919
1921
1928
1929
1930
1931
1936
1941
1942
1944
1946
1947
1950
1952
1954
1962
1963
1964
1965
1966
1967
1968
1969
1970
1976
1980
1983
1986
1990
1997
2001
2005
2012
2020
2035
2037
2038
2045
2047
2049
2054
2057
2073
2083
2093
2117
2119
2131
2157
2158
2180
2204
2207
2241
2297
2359
2377
2385
2394
2397
2430
2504
2537
2539
2547
2548
2591
2627
2636
2671
2686
2720
2726
2751
2753
2754
2755
2764
2766
2772
2782
2792
2822
2825
2834
2837
2840
2843
2853
2867
2871
2882
2890
2893
2898
2899
2900
2902
2903
2905
2908
2926
2928
2931
2932
2933
2944
2945
2948
2951
2954
2956
2959
2960
2967
2969
2975
3004
3005
3033
3049
3051
3056
3057
3058
3164
3173
3187
3206
3208
3214
3217
3223
3236
3239
3242
3245
3249
3266
3270
3272
3282
3284
3285
3288
3291
3303
3306
3350
3383
3415
3422
3427
3467
3497
3506
3515
3534
3535
3536
3537
3538
3557
3559
3564
3565
3567
3569
3570
3571
3572
3574
3576
3583
3593
3595
3598
3605
3610
3632
3634
3640
3646
3651
3653
3654
3665
3678
3679
3687
3689
3690
3692
3706
3739
3740
3760
3764
3776
3778
3800
3801
3804
3854
3855
4027
4065
4218
4224
4567
4587
4795
4946
4992
4997
5005
5051
5075
5076
5077
5133
5167
5199
5223
5276
5333
5364
5404
5481
5695
5708
5726
5728
5732
5741
5743
5744
5748
5752
5759
5764
5772
5774
5784
5785
5786
5787
5792
5793
5802
5803
5814
5817
5833
5836
5837
5838
5848
5909
5911
5924
5926
5934
5962
5964
5966
5973
5980
5997
6027
6041
6048
6050
6057
6065
6072
6076
6082
6084
6086
6087
6089
6094
6095
6096
6097
6125
6128
6133
6157
6161
6195
6202
6207
6213
6218
6222
6223
6235
6252
6258
6263
6265
6267
6269
6271
6272
6284
6286
6287
6288
6289
6294
6299
6300
6301
6302
6305
6320
6344
6348
6373
6379
6433
6435
6441
6442
6445
6460
6476
6482
6486
6487
6488
6489
6490
6491
6494
6498
6499
6501
6502
6512
6517
6523
6549
6554
6559
6562
6571
6573
6575
6584
6585
6586
6587
6596
6597
6600
6608
6615
6620
6622
6638
6640
6641
6648
6649
6653
6656
6672
6682
6689
6691
6697
6702
6707
6731
6732
6733
6740
6757
6761
6765
6769
6771
6777
6783
6784
6791
6794
6795
6802
6825
6834
6843
6846
6847
6850
6851
6886
6888
6889
6890
6895
6896
6902
6905
6912
6913
6915
6916
6917
6918
6921
6924
6925
6930
6933
6939
6951
6960
6961
6962
6963
6964
6968
6969
6972
6973
6974
6975
6978
7003
7008
7010
7023
7025
7038
7040
7047
7049
7055
7058
7061
7063
7064
7066
7070
7081
7085
7087
7089
7091
7092
7106
7110
7114
7115
7124
7129
7130
7131
7132
7140
7142
7143
7145
7147
7160
7161
7163
7164
7169
7170
7174
7175
7176
7181
7193
7221
7241
7249
7268
7285
7307
7309
7314
7315
7320
7348
7351
7361
7423
7497
7503
7504
7505
7506
7509
7536
7540
7548
7551
7552
7554
7556
7557
7558
7559
7568
7581
7582
7641
7642
7648
7665
7670
7692
7710
7711
7712
7725
7728
7733
7739
7754
7756
7759
7760
7765
7766
7785
7811
7820
7830
7831
7852
7907
7969
7973
7987
8000
8001
8010
8023
8025
8026
8028
8034
8038
8043
8044
8046
8047
8052
8053
8056
8057
8061
8071
8078
8083
8091
8092
8093
8106
8116
8127
8128
8145
8153
8156
8164
8182
8197
8199
8204
8205
8206
8207
8209
8211
8213
8218
8219
8220
8221
8224
8225
8226
8228
8231
8235
8236
8237
8245
8247
8270
8271
8273
8274
8275
8304
8309
8321
8327
8338
8352
8355
8373
8380
8392
8393
8397
8398
8399
8400
8403
8406
8409
8412
8413
8415
8416
8417
8418
8419
8420
8422
8424
8425
8426
8427
8430
8433
8434
8438
8440
8448
8449
8450
8451
8452
8455
8456
8457
8458
8460
8467
8468
8470
8472
8478
8480
8481
8484
8488
8493
8494
8495
8496
8497
8499
8502
8503
8504
8505
8507
8508
8509
8510
8513
8514
8517
8518
8519
8521
8523
8532
8536
8537
8544
8548
8553
8554
8555
8556
8558
8559
8563
8564
8572
8576
8585
8587
8589
8591
8598
8599
8606
8612
8613
8614
8629
8635
8636
8657
8658
8666
8669
8688
8693
8694
8719
8731
8735
8736
8738
8742
8745
8746
8766
8767
8777
8778
8786
8787
8794
8795
8798
8799
8805
8806
8808
8811
8813
8825
8829
8832
8833
8834
8835
8836
8842
8856
8857
8858
8867
8871
8872
8890
8891
8907
8959
8960
8963
8966
8968
8970
8973
8975
8977
8983
8985
8986
8987
8993
9003
9023
9024
9083
9108
9142
9144
9145
9157
9161
9163
9177
9188
9191
9202
9224
9225
9233
9262
9288
9298
9299
9300
9302
9305
9306
9307
9309
9310
9311
9313
9315
9320
9325
9332
9333
9335
9348
9350
9352
9357
9358
9363
9386
9387
9388
9407
9410
9417
9418
9422
9437
9441
9446
9456
9470
9493
9499
9500
9505
9506
9511
9512
9514
9523
9525
9530
9531
9534
9552
9557
9563
9569
9574
9575
9576
9579
9584
9586
9593
9613
9620
9623
9624
9625
9633
9644
9645
9646
9647
9650
9651
9654
9665
9666
9671
9678
9679
9681
9684
9687
9688
9689
9691
9695
9703
9704
9707
9708
9709
9710
9712
9714
9716
9719
9721
9725
9726
9729
9730
9768
9769
9803
9806
9814
9816
9839
9849
9850
9853
9859
9877
9881
9882
9886
9897
9899
9901
9907
9909
9918
9920
9922
9939
9941
9946
9947
9948
10050
10078
10081
10150
10151
10160
10165
10166
10169
10171
10175
10177
10184
10190
10193
10214
10215
10238
10239
10277
10278
10292
10297
10368
10377
10392
10434
10445
10446
10452
10456
10461
10464
10472
10473
10475
10508
10517
10531
10550
10552
10558
10561
10568
10581
10584
10587
10590
10594
10609
10613
10615
10625
10627
10630
10633
10646
10649
10694
10730
10757
10764
10769
10795
10809
10840
10850
10860
10871
10886
10890
10895
10906
10920
10931
10941
10947
10948
10953
10954
10959
10960
10962
10972
10974
10979
10980
10983
11001
11006
11012
11018
11023
11024
11025
11028
11033
11035
11042
11062
11069
11085
11089
11103
11104
11105
11108
11111
11112
11127
11138
11139
11150
11164
11168
11181
11184
11192
11204
11230
11232
11236
11276
11314
11325
11326
11327
11333
11337
11347
11348
11354
11358
11362
11369
11373
11377
11384
11392
11408
11410
11411
11418
11420
11422
11427
11430
11446
11456
11465
11490
11503
11529
11530
11531
11553
11575
11579
11610
11617
