0
15
16
17
18
19
20
56
83
91
92
93
94
96
99
107
122
129
130
132
133
134
136
138
142
143
146
147
149
150
151
156
186
211
229
230
234
247
252
265
266
298
300
305
306
311
324
326
331
332
339
341
342
344
347
349
350
351
352
354
367
372
373
379
404
405
436
451
456
482
483
496
501
502
503
506
507
509
514
516
517
522
525
540
550
552
553
555
556
557
558
562
564
565
570
574
575
579
596
605
606
608
609
610
611
612
615
619
620
624
626
632
634
635
636
641
643
645
650
652
653
654
657
662
663
665
669
671
677
679
680
694
700
706
708
712
716
718
720
721
722
723
724
725
726
729
730
735
736
737
738
739
740
742
743
746
747
748
756
763
764
765
766
767
768
769
770
785
788
817
862
863
867
871
872
873
874
875
876
877
879
880
881
883
884
886
887
890
893
894
898
900
903
904
948
949
951
976
978
981
1004
1007
1008
1010
1011
1012
1013
1015
1018
1019
1020
1021
1022
1023
1024
1030
1034
1035
1036
1038
1040
1041
1042
1043
1048
1049
1054
1061
1066
1067
1068
1069
1070
1072
1073
1085
1090
1094
1103
1104
1106
1107
1112
1114
1115
1117
1118
1119
1121
1124
1126
1132
1148
1160
1163
1164
1165
1166
1169
1170
1171
1174
1176
1177
1178
1179
1180
1185
1186
1188
1189
1192
1193
1195
1196
1197
1198
1199
1200
1201
1202
1221
1264
1265
1266
1267
1271
1272
1273
1274
1279
1281
1314
1318
1341
1342
1343
1367
1368
1369
1370
1371
1372
1374
1375
1376
1378
1379
1384
1385
1388
1390
1391
1392
1393
1397
1399
1411
1413
1415
1442
1443
1444
1445
1446
1460
1461
1507
1508
1509
1510
1517
1518
1520
1521
1524
1525
1527
1528
1529
1531
1532
1533
1534
1536
1537
1538
1539
1540
1554
1565
1571
1584
1586
1590
1615
1616
1646
1672
1675
1703
1782
1783
1784
1802
1844
1845
1849
