27
34
35
40
41
50
63
82
83
84
86
87
88
89
90
96
144
163
181
221
224
225
226
271
272
301
323
347
351
470
489
490
491
494
641
653
774
775
776
777
785
786
832
841
872
904
916
922
923
925
936
939
950
952
954
955
962
968
969
970
977
978
980
981
999
1006
1055
1132
1133
1134
1146
1154
1156
1158
1165
1166
1182
1184
1185
1188
1194
1206
1207
1209
1213
1219
1259
1278
1279
1314
1360
1361
1362
1363
1375
1381
1410
1474
1484
1492
1494
1495
1497
1499
1532
1534
1548
1554
1560
1561
1569
1626
1645
1659
1660
1690
1696
1697
1710
1720
1725
1726
1754
1760
1775
1776
1780
1785
1786
1787
1790
1792
1799
1800
1802
1803
1807
1809
1846
1847
1849
1851
1852
1854
1855
1856
1857
1858
1860
1867
1870
1880
1889
1905
1910
1911
1912
1921
1923
1927
1937
1944
1957
1962
1973
1978
1979
2019
2028
2031
2033
2039
2213
2259
2296
2306
2326
2335
2337
2339
2341
2343
2344
2345
2347
2379
2382
2389
2405
2406
2409
2423
2438
2474
2493
2498
2510
2516
2553
2556
2636
2641
2762
2763
2768
2792
2793
2826
2830
2831
2844
2853
2860
2861
2900
2903
2910
2926
2927
2930
2945
2965
2971
2986
2987
2991
2996
2997
2998
3001
3003
3010
3011
3013
3014
3018
3020
3057
3058
3060
3062
3063
3065
3066
3067
3068
3069
3071
3078
3081
3091
3100
3116
3121
3122
3123
3132
3134
3138
3148
3155
3168
3173
3184
3189
3190
3202
3205
3206
3252
3253
3306
3336
3349
3355
3356
3358
3359
3370
3373
3379
3381
3383
3385
3386
3393
3399
3400
3401
3407
3408
3410
3411
3432
3438
3487
3506
3525
