0
1
3
9
12
15
18
21
24
40
41
51
52
54
56
59
62
67
68
71
72
78
81
87
94
95
96
100
101
102
113
114
115
124
131
132
151
159
164
170
171
172
178
180
185
191
213
215
220
221
224
227
230
235
243
244
259
268
276
288
289
296
298
325
327
334
335
361
366
367
374
506
692
693
712
723
738
742
746
780
916
941
1125
1131
1132
1143
1159
1180
1183
1260
1265
1273
1274
1275
1276
1298
1304
1308
1311
1332
1386
1406
1432
1494
1531
1565
1580
1592
1613
1643
1644
1682
1686
1713
1725
1757
1762
1956
1971
1972
1973
1979
2050
2099
2100
2101
2137
2147
2151
2242
2257
2327
2475
2502
2640
2641
2642
2644
2645
2648
2651
2655
2664
2665
2673
2676
2679
2684
2687
2688
2689
2693
2695
2700
2707
2708
2718
2719
2721
2727
2729
2734
2735
2739
2759
2761
2777
2781
2783
2785
2787
2789
2791
2804
2805
2823
2827
2833
2839
2848
2856
2930
2939
2942
2950
2962
2965
2973
2982
2990
3062
3081
3116
3117
3118
3119
3170
3254
3257
3279
3317
3423
3426
3643
3657
3660
3661
3662
3668
3786
3809
3813
3814
3826
4026
4034
4121
4274
4284
4536
4756
4823
4932
5236
5320
5375
5459
5554
5632
5702
5727
5758
5760
5773
5776
5777
5808
5816
5818
5826
5925
5955
5998
6025
6046
6049
6054
6059
6069
6079
6136
6142
6228
6240
6253
6255
6256
6268
6283
6290
6308
6309
6310
6350
6359
6374
6382
6565
6569
6572
6578
6618
6693
6694
6696
6700
6787
6788
6796
6805
6810
6822
6824
6828
6829
6849
7067
7075
7076
7077
7082
7084
7088
7109
7119
7139
7151
7154
7157
7165
7178
7179
7328
7513
7519
7539
7566
7578
7579
7600
7611
7772
7791
7933
7947
7974
7975
7978
7981
7986
8014
8015
8024
8031
8035
8036
8039
8050
8067
8100
8108
8115
8126
8129
8138
8139
8157
8163
8174
8175
8178
8179
8189
8201
8282
8344
8371
8374
8390
8405
8431
8432
8437
8445
8453
8461
8465
8516
8538
8602
8619
8620
8622
8623
8665
8706
8710
8711
8753
8758
8810
8812
8870
8945
9012
9025
9030
9054
9074
9084
9087
9092
9104
9106
9109
9115
9116
9121
9122
9128
9132
9136
9139
9149
9150
9175
9184
9186
9203
9204
9210
9212
9219
9220
9227
9238
9252
9259
9264
9265
9268
9273
9282
9284
9293
9294
9296
9383
9426
9434
9444
9450
9453
9454
9465
9466
9480
9482
9484
9490
9492
9494
9497
9501
9502
9503
9504
9507
9509
9513
9516
9521
9522
9536
9542
9543
9544
9545
9550
9553
9555
9558
9567
9570
9578
9582
9587
9588
9599
9602
9605
9607
9656
9742
9748
9751
9752
9780
9791
9792
9822
9824
9825
9952
9974
10007
10008
10009
10010
10011
10200
10206
10207
10218
10234
10256
10259
10314
10327
10328
10331
10332
10334
10336
10371
10372
10373
10374
10375
10376
10378
10381
10388
10405
10406
10514
10598
10601
10621
10660
10765
10768
10875
10883
10893
10900
10903
10904
10915
10916
10929
10933
10938
10940
10942
10945
10949
10950
10951
10952
10955
10957
10961
10964
10966
10970
10971
10985
10991
10992
10993
10994
10999
11002
11004
11007
11016
11019
11027
11031
11036
11037
11048
11051
11054
11057
11060
11107
11109
11129
11133
11134
11142
11143
11144
11145
11151
11155
11156
11157
11158
11159
11161
11166
11170
11173
11177
11183
11186
11188
11197
11238
11247
11257
11269
11274
11280
11283
11307
11319
11323
11324
11328
11331
11335
11343
11344
11423
11471
11472
11473
11509
11519
11523
11611
