0
2
3
4
8
9
10
11
12
13
14
15
16
18
19
20
21
22
25
26
27
28
29
30
31
32
33
34
35
37
40
43
54
55
56
60
61
62
82
83
85
136
140
144
152
154
158
194
199
215
223
285
288
289
326
339
347
348
359
360
383
384
393
396
399
400
411
412
416
425
432
440
444
445
448
449
450
452
455
456
457
458
459
460
462
463
464
469
478
479
480
481
482
483
484
486
494
495
497
498
499
533
534
535
536
537
538
539
540
542
543
546
547
549
550
553
554
556
557
558
559
560
561
562
563
565
566
569
571
572
573
574
575
577
578
582
583
584
585
586
589
590
592
593
594
595
596
597
598
600
603
605
606
608
609
623
631
637
642
649
650
655
660
664
666
670
672
673
683
687
695
709
793
802
816
826
827
829
833
836
837
838
839
840
841
842
843
844
845
846
847
848
849
851
852
856
857
858
859
860
861
862
863
867
872
873
874
875
876
877
878
880
881
884
886
888
889
890
891
893
894
895
896
897
898
899
900
901
902
903
905
906
907
908
909
910
911
912
913
914
915
916
917
918
919
920
921
922
923
924
925
926
927
931
933
934
937
938
939
940
942
943
944
945
946
947
948
949
950
951
952
953
954
955
956
957
958
959
960
961
962
963
964
965
966
967
968
969
970
971
972
973
974
975
976
978
979
981
982
983
984
985
986
987
988
989
990
991
992
993
994
996
997
998
1000
1001
1002
1003
1004
1005
1006
1007
1008
1009
1010
1011
1012
1013
1014
1015
1016
1018
1019
1020
1021
1022
1023
1024
1025
1029
1030
1031
1032
1033
1034
1035
1036
1037
1038
1039
1040
1042
1043
1044
1045
1047
1048
1050
1052
1053
1054
1057
1058
1061
1062
1063
1064
1065
1069
1070
1071
1072
1073
1074
1075
1076
1077
1078
1079
1081
1082
1083
1084
1086
1087
1091
1092
1093
1094
1095
1096
1098
1099
1100
1101
1102
1103
1104
1105
1107
1108
1109
1111
1112
1113
1114
1115
1116
1117
1119
1120
1126
1127
1130
1131
1132
1133
1134
1135
1136
1137
1138
1139
1140
1141
1142
1143
1144
1145
1146
1147
1148
1149
1150
1151
1152
1153
1154
1155
1156
1157
1158
1160
1161
1162
1163
1164
1165
1166
1167
1168
1169
1170
1172
1173
1174
1175
1176
1178
1179
1180
1181
1183
1184
1185
1186
1187
1189
1190
1191
1192
1194
1196
1198
1199
1200
1201
1202
1206
1207
1208
1210
1211
1212
1213
1214
1215
1216
1218
1219
1220
1221
1222
1296
1297
1314
1320
1345
1351
1354
1355
1356
1357
1358
1359
1360
1361
1362
1363
1370
1371
1376
1377
1378
1382
1386
1388
1389
1390
1392
1394
1395
1397
1398
1399
1400
1401
1402
1405
1408
1418
1419
1420
1421
1422
1425
1426
1427
1428
1429
1430
1431
1432
1433
1435
1436
1437
1438
1439
1449
1450
1451
1452
1453
1454
1459
1460
1461
1462
1463
1464
1465
1466
1467
1468
1469
1470
1471
1472
1473
1474
1475
1476
1479
1480
1481
1482
1483
1484
1485
1486
1487
1488
1489
1490
1491
1492
1493
1494
1495
1496
1497
1498
1499
1500
1501
1502
1503
1504
1505
1506
1507
1508
1509
1510
1511
1512
1513
1514
1515
1516
1518
1519
1520
1532
1536
1538
1539
1540
1541
1546
1548
1549
1552
1553
1555
1556
1557
1558
1559
1560
1561
1562
1563
1566
1567
1568
1585
1586
1587
1588
1589
1591
1592
1593
1594
1595
1596
1597
1599
1600
1601
1602
1603
1604
1606
1607
1608
1609
1610
1611
1612
1613
1614
1615
1616
1617
1618
1619
1620
1621
1624
1626
1627
1630
1631
1632
1633
1635
1636
1638
1641
1643
1644
1645
1646
1647
1648
1650
1651
1652
1653
1654
1656
1657
1658
1659
1661
1662
1666
1667
1668
1669
1671
1672
1673
1674
1675
1676
1677
1678
1679
1684
1685
1686
1687
1688
1689
1691
1692
1693
1694
1695
1696
1697
1704
1706
1805
1807
1808
1809
1810
1815
1816
1817
1818
1820
1824
1826
1827
1829
1830
1831
1832
1833
1834
1835
1837
1838
1840
1842
1843
1844
1845
1846
1847
1848
1849
1850
1851
1852
1853
1854
1855
1856
1857
1858
1859
1860
1861
1862
1863
1864
1865
1868
1871
1872
1874
1878
1879
1881
1882
1883
1884
1885
1886
1887
1888
1889
1890
1891
1892
1893
1894
1895
1896
1897
1898
1899
1900
1901
1902
1903
1904
1905
1906
1907
1908
1909
1910
1911
1912
1913
1914
1915
1916
1917
1918
1920
1921
1922
1923
1924
1925
1926
1927
1928
1929
1930
1931
1932
1933
1934
1935
1936
1937
1938
1939
1940
1941
1942
1943
1944
1945
1946
1947
1948
1949
1950
1951
1952
1953
1954
1955
1956
1957
1958
1959
1960
1961
1962
1963
1964
1965
1966
1967
1968
1969
1970
1971
1972
1973
1974
1975
1976
1977
1978
1979
1980
1983
1984
1986
1987
1988
1989
1990
1991
1992
1994
1995
1996
1997
1998
1999
2000
2002
2003
2005
2007
2008
2009
2010
2011
2012
2013
2014
2016
2017
2018
2019
2020
2021
2023
2025
2026
2027
2028
2030
2031
2032
2033
2036
2037
2038
2039
2040
2041
2042
2043
2044
2045
2046
2047
2048
2049
2050
2051
2052
2053
2057
2058
2059
2060
2061
2063
2064
2065
2066
2067
2068
2069
2070
2071
2072
2073
2074
2075
2076
2078
2079
2081
2082
2083
2084
2087
2088
2089
2090
2091
2092
2095
2096
2097
2098
2099
2100
2101
2104
2105
2106
2107
2108
2109
2111
2113
2114
2115
2116
2117
2118
2119
2120
2121
2122
2124
2125
2126
2127
2129
2130
2132
2134
2149
2161
2166
2167
2168
2169
2176
2191
2226
2243
2244
2245
2254
2255
2256
2257
2258
2259
2260
2261
2262
2263
2264
2271
2272
2279
2281
2286
2287
2288
2289
2290
2292
2293
2294
2296
2297
2298
2299
2300
2301
2302
2303
2306
2308
2309
2310
2311
2312
2313
2315
2317
2318
2319
2320
2321
2322
2323
2325
2326
2327
2328
2329
2330
2331
2332
2339
2340
2345
2346
2347
2348
2349
2350
2351
2352
2353
2354
2359
2360
2361
2362
2363
2364
2365
2366
2367
2376
2380
2381
2387
2388
2389
2390
2391
2396
2397
2398
2399
2400
2401
2402
2403
2404
2405
2406
2407
2408
2409
2410
2411
2412
2413
2414
2415
2416
2417
2418
2419
2420
2421
2422
2423
2424
2425
2426
2427
2428
2429
2430
2431
2432
2433
2434
2443
2447
2452
2456
2458
2460
2461
2468
2474
2480
2482
2483
2484
2497
2509
2538
2539
2540
2541
2543
2554
2555
2558
2559
2563
2564
2572
2589
2590
2591
2604
2606
2610
2611
2613
2614
2615
2621
2624
2629
2630
2631
2632
2633
2634
2635
2636
2637
2638
2639
2640
2641
2642
2643
2644
2645
2646
2648
2649
2650
2651
2652
2653
2654
2655
2656
2659
2660
2661
2662
2663
2664
2665
2666
2667
2668
2669
2670
2671
2672
2673
2674
2675
2676
2677
2678
2679
2680
2681
2682
2683
2684
2685
2686
2687
2688
2689
2690
2691
2692
2693
2694
2695
2696
2697
2698
2699
2700
2701
2702
2703
2704
2705
2706
2707
2708
2709
2710
2711
2712
2713
2714
2715
2716
2717
2718
2719
2720
2721
2722
2723
2724
2725
2726
2727
2728
2729
2730
2731
2732
2733
2734
2735
2736
2737
2738
2739
2740
2741
2742
2743
2744
2745
2746
2747
2748
2749
2750
2751
2752
2753
2754
2755
2756
2757
2758
2759
2760
2761
2762
2763
2764
2765
2766
2767
2768
2769
2770
2771
2772
2773
2774
2775
2776
2777
2778
2779
2780
2781
2782
2783
2784
2785
2786
2787
2788
2789
2790
2791
2792
2793
2794
2795
2796
2797
2798
2799
2800
2801
2802
2803
2805
2806
2808
2809
2810
2812
2813
2814
2815
2816
2817
2818
2819
2828
2853
2866
2869
2882
2886
2890
2891
2892
2894
2895
2896
2897
2899
2903
2905
2906
2907
2910
2911
2912
2914
2919
2920
2921
2922
2923
2926
2927
2928
2933
2934
2936
2937
2938
2940
2941
2942
2944
2945
2946
2947
2949
2950
2951
2952
2953
2954
2955
2957
2958
2959
2960
2961
2962
2963
2964
2965
2966
2967
2968
2969
2970
2971
2973
2974
2975
2976
2977
2978
2979
2980
2981
2982
2983
2984
2985
2986
2987
2988
2989
2993
2994
2995
2996
2997
2998
2999
3000
3001
3002
3003
3004
3006
3010
3011
3012
3014
3016
3019
3020
3023
3024
3026
3029
3040
3041
3044
3045
3046
3047
3048
3049
3050
3051
3052
3053
3054
3056
3057
3058
3059
3060
3061
3062
3063
3064
3065
3078
3080
3081
3083
3091
3100
3145
3181
3187
3192
3203
3207
3218
3233
3237
3243
3267
3268
3314
3317
3318
3319
3320
3321
3322
3323
3342
3348
3349
3366
3367
3372
3380
3383
3405
3411
3412
3423
3424
3425
3426
3427
3428
3430
3431
3432
3433
3434
3436
3438
3439
3440
3441
3442
3443
3444
3445
3446
3447
3448
3449
3452
3457
3458
3459
3460
3461
3462
3465
3466
3467
3468
3469
3470
3472
3475
3477
3478
3480
3481
3484
3485
3486
3488
3489
3490
3491
3500
3520
3532
3533
3534
3536
3540
3542
3543
3544
3547
3549
3550
3551
3552
3553
3554
3555
3556
3557
3558
3559
3560
3561
3562
3563
3564
3565
3566
3567
3569
3570
3571
3572
3573
3574
3575
3576
3577
3578
3580
3581
3582
3584
3585
3586
3587
3588
3589
3590
3591
3592
3593
3594
3595
3597
3598
3599
3601
3602
3603
3604
3605
3606
3608
3609
3610
3611
3612
3613
3614
3615
3616
3617
3618
3619
3621
3622
3623
3624
3625
3626
3627
3628
3629
3630
3631
3632
3633
3634
3635
3636
3637
3638
3639
3640
3641
3642
3643
3644
3645
3646
3647
3648
3649
3650
3651
3652
3653
3654
3655
3656
3657
3658
3659
3660
3661
3662
3663
3664
3665
3666
3667
3668
3669
3670
3671
3672
3673
3674
3675
3676
3677
3678
3679
3680
3681
3682
3683
3684
3685
3686
3687
3688
3689
3690
3691
3692
3693
3694
3695
3696
3697
3698
3699
3700
3701
3702
3703
3704
3705
3706
3707
3708
3709
3710
3711
3712
3713
3714
3715
3716
3717
3718
3719
3720
3721
3722
3723
3724
3725
3726
3727
3728
3729
3730
3731
3732
3733
3734
3735
3736
3737
3738
3739
3740
3741
3742
3743
3744
3745
3746
3747
3748
3749
3750
3753
3755
3756
3757
3758
3759
3760
3761
3762
3765
3766
3767
3769
3770
3771
3772
3773
3774
3775
3776
3777
3778
3779
3780
3781
3782
3783
3784
3785
3786
3787
3788
3789
3790
3791
3792
3796
3797
3798
3800
3801
3802
3803
3804
3805
3807
3809
3810
3811
3812
3814
3820
3842
3849
3850
3852
3855
3857
3860
3861
3862
3864
3865
3866
3867
3868
3869
3870
3871
3872
3875
3876
3877
3878
3879
3880
3881
3882
3884
3885
3887
3888
3890
3891
3892
3893
3894
3895
3896
3897
3898
3902
3903
3904
3905
3906
3908
3909
3910
3911
3912
3914
3916
3917
3918
3919
3937
3957
3982
3988
3991
3994
4004
4010
4011
4016
4017
4018
4019
4020
4021
4022
4026
4027
4028
4029
4033
4034
4035
4037
4039
4040
4042
4043
4044
4048
4049
4050
4052
4055
4056
4057
4065
4066
4069
4070
4071
4072
4073
4075
4076
4077
4078
4079
4088
4089
4090
4091
4092
4094
4095
4100
4101
4102
4103
4104
4105
4106
4107
4108
4113
4115
4116
4117
4118
4119
4120
4122
4124
4126
4129
4133
4134
4135
4136
4137
4138
4139
4140
4141
4142
4143
4144
4145
4146
4147
4148
4149
4150
4151
4152
4153
4154
4159
4169
4171
4172
4173
4174
4175
4176
4177
4178
4179
4180
4181
4182
4183
4184
4185
4186
4187
4189
4190
4191
4192
4193
4195
4196
4198
4202
4203
4204
4205
4206
4207
4208
4209
4210
4211
4212
4213
4214
4215
4216
4217
4218
4220
4221
4222
4223
4224
4226
4227
4229
4230
4231
4232
4233
4234
4235
4236
4237
4238
4239
4240
4241
4242
4243
4245
4246
4247
4248
4249
4250
4251
4252
4253
4254
4255
4256
4257
4258
4259
4260
4261
4262
4263
4264
4265
4268
4270
4271
4272
4273
4275
4276
4277
4278
4280
4281
4282
4283
4284
4285
4286
4287
4288
4289
4291
4293
4294
4295
4296
4297
4298
4299
4300
4301
4302
4303
4304
4305
4306
4307
4308
4309
4310
4311
4312
4313
4314
4316
4317
4319
4321
4322
4323
4325
4326
4327
4328
4329
4330
4331
4332
4333
4334
4336
4337
4338
4341
4342
4343
4344
4345
4346
4348
4349
4351
4352
4353
4354
4355
4356
4357
4358
4359
4361
4362
4363
4364
4367
4368
4375
4376
4377
4378
4379
4380
4389
4390
4397
4399
4400
4401
4403
4405
4408
4409
4410
4411
4412
4413
4415
4416
4417
4418
4419
4420
4421
4423
4424
4425
4426
4427
4428
4429
4430
4433
4435
4436
4437
4438
4443
4446
4450
4456
4459
4460
4461
4462
4463
4464
4465
4466
4468
4469
4473
4474
4475
4477
4479
4480
4482
4483
4484
4485
4486
4488
4489
4491
4497
4499
4500
4501
4505
4507
4516
4518
4521
4522
4523
4524
4526
4532
4535
4536
4537
4538
4540
4541
4542
4543
4544
4545
4546
4547
4548
4549
4550
4551
4552
4554
4555
4556
4557
4558
4559
4560
4561
4562
4563
4564
4565
4566
4567
4569
4570
4576
4577
4578
4579
4580
4581
4582
4584
4585
4586
4587
4589
4590
4591
4592
4593
4594
4595
4597
4598
4599
4600
4601
4602
4603
4627
4631
4632
4636
4639
4640
4641
4643
4644
4647
4648
4649
4650
4651
4653
4654
4655
4658
4659
4660
4661
4662
4663
4664
4666
4667
4668
4671
4672
4674
4675
4676
4678
4681
4683
4684
4685
4686
4687
4688
4689
4690
4694
4695
4698
4699
4700
4703
4706
4708
4709
4710
4711
4712
4713
4714
4715
4716
4717
4721
4722
4723
4724
4725
4727
4728
4730
4731
4732
4733
4734
4738
4739
4740
4743
4746
4750
4751
4752
4754
4755
4757
4761
4763
4765
4769
4770
4771
4772
4773
4774
4776
4777
4779
4784
4785
4786
4787
4788
4791
4792
4793
4794
4795
4796
4797
4798
4799
4801
4802
4803
4804
4805
4806
4807
4808
4809
4810
4812
4813
4814
4815
4816
4817
4818
4819
4820
4821
4822
4823
4824
4827
4828
4829
4830
4831
4832
4833
4834
4835
4845
4860
4861
4882
4886
4887
4889
4891
4896
4903
4904
4905
4909
4912
4914
4917
4918
4935
4939
4940
4941
4951
4956
4958
4960
4961
4969
4977
4978
4979
4982
4983
4991
4992
5003
5004
5005
5006
5007
5008
5009
5010
5011
5012
5013
5017
5018
5019
5020
5021
5022
5023
5024
5025
5028
5031
5033
5037
5038
5039
5040
5041
5042
5043
5044
5045
5046
5047
5048
5050
5051
5052
5053
5055
5059
5060
5061
5062
5065
5066
5067
5069
5070
5071
5072
5073
5074
5075
5076
5077
5078
5079
5080
5081
5082
5083
5084
5085
5086
5087
5088
5089
5090
5091
5092
5093
5094
5095
5096
5097
5098
5099
5100
5101
5103
5104
5105
5106
5107
5108
5109
5110
5111
5112
5113
5114
5115
5116
5117
5118
5119
5120
5121
5122
5125
5126
5127
5128
5129
5133
5134
5135
5136
5138
5140
5141
5142
5143
5145
5146
5147
5148
5149
5150
5151
5152
5153
5154
5155
5156
5160
5161
5162
5163
5164
5166
5168
5169
5170
5171
5172
5173
5174
5175
5176
5177
5178
5179
5180
5181
5182
5183
5184
5185
5186
5187
5188
5189
5190
5191
5192
5193
5194
5195
5196
5197
5198
5199
5200
5201
5203
5206
5210
5221
5222
5223
5227
5228
5229
5232
5233
5235
5236
5237
5238
5239
5240
5241
5242
5243
5244
5245
5246
5247
5248
5249
5250
5251
5252
5256
5257
5258
5259
5260
5261
5262
5263
5264
5265
5266
5267
5268
5269
5270
5271
5272
5273
5274
5275
5276
5277
5278
5279
5280
5281
5282
5283
5284
5285
5286
5287
5288
5289
5290
5291
5292
5293
5294
5295
5296
5297
5298
5299
5300
5301
5302
5303
5304
5305
5306
5307
5308
5309
5310
5311
5313
5314
5315
5316
5318
5320
5321
5322
5323
5324
5325
5326
5327
5328
5329
5330
5331
5332
5334
5335
5336
5338
5339
5340
5341
5343
5346
5349
5350
5351
5352
5353
5354
5355
5356
5357
5358
5359
5360
5361
5362
5363
5364
5365
5366
5367
5368
5369
5370
5371
5372
5373
5374
5377
5380
5381
5382
5383
5384
5385
5386
5387
5388
5389
5390
5391
5392
5393
5394
5395
5396
5399
5401
5402
5403
5404
5405
5406
5407
5408
5411
5412
5413
5415
5416
5417
5418
5419
5420
5421
5422
5423
5424
5425
5426
5427
5428
5429
5430
5431
5432
5433
5434
5435
5436
5437
5438
5442
5443
5444
5446
5447
5448
5449
5450
5451
5452
5453
5454
5456
5457
5459
5464
5465
5466
5467
5468
5471
5472
5473
5474
5475
5476
5477
5478
5479
5481
5482
5483
5484
5485
5486
5487
5488
5489
5490
5493
5494
5495
5496
5497
5498
5499
5500
5501
5502
5503
5504
5505
5506
5507
5508
5511
5512
5513
5515
5516
5517
5518
5519
5520
5521
5522
5523
5524
5527
5529
5530
5531
5532
5535
5536
5537
5538
5539
5540
5542
5543
5544
5545
5546
5547
5548
5549
5550
5551
5559
5560
5562
5563
5597
5598
5599
5600
5601
5602
5603
5604
5606
5607
5610
5611
5613
5614
5617
5618
5620
5621
5622
5623
5624
5625
5626
5627
5629
5630
5633
5636
5637
5638
5639
5641
5642
5643
5647
5648
5649
5650
5653
5654
5656
5657
5658
5659
5660
5661
5663
5665
5666
5667
5669
5671
5672
5681
5682
5683
5684
5685
5687
5688
5689
5699
5700
5701
5702
5703
5705
5706
5711
5712
5713
5714
5715
5716
5717
