6
8
10
16
17
29
58
98
120
137
143
193
198
199
203
214
218
241
252
254
255
272
273
307
476
492
508
525
527
533
539
540
541
543
549
570
580
587
602
604
605
606
611
633
640
642
663
667
691
698
703
708
717
719
724
733
735
736
739
763
768
777
778
782
791
793
801
803
819
829
833
835
895
899
900
902
903
904
905
906
911
914
917
922
923
924
944
957
962
983
988
992
1007
1018
1039
1055
1068
1080
1084
1089
1114
1149
1154
1155
1156
1165
1179
1182
1189
1210
1212
1216
1217
1223
1224
1234
1263
1285
1300
1335
1347
1356
1357
1358
1359
1374
1412
1446
1447
1452
1467
1483
1499
1509
1511
1548
1553
1558
1561
1564
1572
1582
1589
1603
1609
1620
1622
1650
1669
1670
1709
1742
1780
1808
1813
1816
1818
1879
1880
1882
1887
1889
1892
1898
1901
1904
1907
1911
1933
1934
1937
1943
1945
1949
1951
1955
1957
1959
1960
1961
1974
1975
1978
2040
2097
2110
2112
2113
2116
2118
2154
2172
2193
2201
2220
2231
2236
2250
2251
2263
2300
2303
2332
2335
2336
2338
2344
2345
2348
2349
2352
2355
2361
2362
2363
2368
2369
2371
2372
2373
2375
2379
2389
2399
2400
2401
2402
2407
2408
2410
2416
2419
2425
2427
2431
2434
2443
2446
2447
2449
2450
2454
2457
2468
2469
2532
2578
2596
2600
2623
2650
2675
2682
2692
2702
2703
2767
2797
2798
2800
2808
2846
2857
2861
2862
2865
2869
2870
2872
2883
2884
2886
2888
2897
2911
2912
2916
2934
2940
2941
2946
2953
2961
2964
2966
2968
2970
2986
3010
3042
3046
3053
3146
3178
3181
3353
3354
3377
3394
3417
3419
3449
3521
3566
3568
3573
3587
3589
3608
3613
3636
3649
3652
3658
3675
3681
3717
3718
3724
3725
3736
3737
3741
3742
3744
3745
3746
3747
3749
3750
3751
3754
3755
3756
3758
3761
3762
3766
3767
3768
3771
3772
3773
3774
3775
3777
3779
3781
3783
3784
3785
3787
3788
3789
3792
3793
3794
3795
3796
3797
3798
3799
3802
3805
3806
3807
3808
3810
3812
3816
3817
3820
3821
3825
3828
3830
3832
3835
3837
3839
3841
3842
3844
3846
3848
3851
3853
3857
3859
3861
3866
3869
3874
3877
3880
3882
3884
3888
3891
3894
3897
3900
3903
3906
3909
3912
3915
3918
3921
3924
3928
3932
3936
3940
3944
3948
3952
3958
3962
3966
3971
3977
3982
3986
3990
3994
4000
4005
4011
4016
4022
4030
4036
4043
4048
4053
4058
4064
4070
4077
4083
4089
4094
4099
4105
4111
4117
4124
4130
4136
4141
4147
4153
4158
4164
4169
4175
4181
4186
4191
4196
4202
4207
4213
4219
4225
4230
4234
4238
4243
4248
4252
4256
4261
4265
4270
4276
4280
4285
4290
4294
4299
4305
4309
4313
4317
4322
4327
4331
4336
4340
4344
4348
4352
4356
4360
4364
4368
4372
4378
4382
4386
4390
4395
4400
4405
4409
4413
4419
4424
4428
4432
4436
4438
4444
4449
4453
4457
4461
4465
4469
4473
4477
4483
4487
4491
4496
4500
4504
4508
4512
4514
4519
4520
4524
4528
4532
4537
4541
4545
4550
4554
4558
4563
4569
4573
4578
4583
4588
4592
4597
4601
4607
4611
4616
4620
4622
4626
4630
4635
4639
4645
4651
4656
4661
4666
4670
4674
4676
4680
4684
4689
4694
4698
4702
4703
4708
4713
4719
4723
4727
4732
4737
4742
4746
4750
4752
4758
4763
4768
4773
4777
4782
4786
4790
4796
4800
4805
4809
4814
4819
4824
4828
4833
4837
4838
4843
4848
4853
4858
4862
4868
4873
4878
4882
4887
4891
4895
4901
4907
4911
4916
4920
4924
4928
4933
4938
4942
4947
4952
4957
4962
4967
4971
4975
4977
4982
4986
4991
4996
5001
5006
5007
5011
5016
5021
5025
5027
5032
5037
5042
5047
5053
5057
5062
5066
5071
5079
5086
5091
5095
5097
5101
5103
5107
5108
5113
5118
5124
5129
5135
5139
5144
5148
5153
5154
5159
5160
5163
5165
5169
5174
5178
5180
5184
5189
5194
5200
5206
5211
5217
5224
5229
5231
5238
5243
5249
5255
5261
5266
5271
5277
5282
5287
5292
5298
5303
5308
5314
5322
5327
5332
5335
5341
5347
5352
5357
5358
5363
5365
5370
5376
5381
5386
5391
5392
5394
5399
5405
5410
5416
5423
5429
5434
5435
5440
5441
5442
5443
5448
5454
5460
5465
5470
5476
5482
5487
5492
5498
5503
5508
5514
5520
5526
5532
5538
5543
5548
5553
5556
5561
5566
5571
5572
5577
5583
5588
5593
5598
5603
5608
5609
5610
5615
5620
5625
5627
5633
5639
5645
5650
5652
5653
5658
5659
5665
5670
5675
5680
5681
5682
5687
5692
5693
5713
5729
5733
5739
5742
5747
5753
5754
5755
5768
5783
5788
5800
5805
5819
5844
5845
5846
5882
5886
5902
5917
5961
5969
5982
5986
5989
6028
6032
6090
6103
6115
6121
6129
6148
6179
6220
6231
6254
6257
6259
6261
6277
6298
6314
6325
6341
6349
6352
6426
6437
6438
6439
6450
6463
6469
6470
6495
6514
6515
6516
6521
6524
6526
6527
6538
6540
6546
6555
6558
6574
6576
6579
6581
6588
6599
6604
6606
6609
6617
6623
6673
6674
6692
6695
6709
6736
6747
6750
6751
6753
6754
6755
6763
6768
6779
6780
6781
6782
6786
6790
6792
6797
6798
6804
6806
6807
6808
6809
6811
6812
6813
6818
6821
6823
6826
6827
6831
6833
6835
6852
6855
6856
6857
6859
6862
6865
6866
6934
6984
7098
7101
7104
7112
7125
7136
7138
7168
7171
7205
7227
7238
7247
7260
7282
7284
7296
7297
7299
7308
7310
7311
7335
7345
7346
7355
7357
7359
7468
7469
7499
7500
7501
7514
7522
7544
7618
7714
7736
7745
7748
7784
7802
7821
7823
7832
7833
7861
7906
7911
7921
7966
7967
7968
8041
8051
8096
8113
8121
8132
8185
8192
8229
8241
8243
8298
8300
8367
8384
8385
8388
8389
8395
8404
8421
8423
8428
8439
8446
8454
8459
8469
8473
8474
8475
8476
8477
8479
8489
8501
8506
8515
8520
8522
8527
8539
8568
8570
8571
8577
8675
8741
8754
8755
8757
8770
8772
8776
8792
8800
8801
8802
8809
8814
8815
8819
8820
8821
8822
8823
8826
8837
8839
8840
8841
8843
8855
8865
8866
8927
8940
8941
8948
8950
8953
8954
8956
8957
8958
8961
8962
8965
8967
8969
8974
8976
8978
8980
8982
8988
8991
8994
8995
8997
8998
9001
9004
9005
9009
9010
9013
9015
9017
9018
9020
9021
9022
9026
9034
9036
9037
9039
9040
9045
9047
9055
9068
9070
9075
9085
9086
9183
9229
9275
9280
9344
9347
9356
9366
9385
9428
9489
9491
9495
9496
9498
9517
9537
9547
9589
9611
9640
9653
9658
9659
9686
9696
9711
9744
9757
9778
9790
9845
9878
9896
9932
9936
9943
10029
10034
10056
10061
10065
10080
10091
10112
10128
10142
10155
10159
10161
10164
10189
10223
10228
10229
10230
10232
10240
10241
10255
10258
10265
10286
10288
10293
10294
10299
10300
10310
10390
10391
10403
10417
10432
10435
10491
10522
10525
10697
10698
10721
10729
10740
10759
10789
10866
10877
10937
10939
10943
10944
10946
10965
10986
10996
11038
11061
11100
11102
11176
11180
11190
11191
11201
11222
11237
11240
11259
11275
11282
11285
11286
11288
11294
11320
11332
11339
11340
11342
11353
11413
11469
11483
11485
11486
11489
11491
11526
11545
11565
11572
11590
11600
11605
11619
