4
5
9
10
12
13
14
30
32
44
46
57
60
63
71
73
74
75
111
112
113
114
117
123
125
127
128
129
130
131
132
133
134
137
138
141
142
143
144
145
146
148
149
151
152
153
154
160
162
182
183
190
202
207
221
223
330
331
354
360
361
384
385
386
387
388
389
403
404
405
406
407
408
409
410
411
412
413
414
415
416
417
418
419
423
425
428
430
431
432
453
483
502
520
530
531
533
548
555
564
565
566
578
581
583
602
637
645
664
697
701
702
704
706
707
708
710
712
737
738
768
769
772
773
775
780
781
786
788
790
792
793
795
796
805
807
811
814
820
824
826
827
828
829
830
831
832
833
834
836
837
839
842
844
887
888
890
891
892
933
934
935
936
937
944
945
946
948
950
956
957
958
960
962
963
970
972
974
975
977
981
987
1001
1073
1093
1104
1105
1106
1107
1108
1109
1110
1111
1112
1239
1256
1258
1265
1267
1268
1271
1275
1280
1283
1285
1294
1298
1319
1324
1329
1330
1331
1332
1333
1334
1335
1337
1385
1418
1440
1465
1492
1535
1537
1543
1555
1581
1587
1589
1590
1600
1603
1604
1607
1609
1611
1612
1613
1614
1615
1621
1622
1623
1624
1625
1626
1627
1629
1633
1634
1636
1645
1648
1649
1651
1665
1673
1676
1763
1765
1767
1770
1771
1772
1776
1780
1781
1782
1783
1784
1785
1786
1787
1788
1789
1790
1791
1792
1796
1802
1805
1806
1807
1808
1813
1816
1819
1820
1821
1823
1824
1825
1826
1829
1830
1831
1835
1840
1852
1854
1863
1865
1867
1875
1876
1880
1881
1882
1883
1884
1912
1914
1915
1919
1921
1922
1923
1924
1925
1926
1934
1938
1939
1941
1942
1943
1944
1945
1946
1947
1948
1950
1953
1957
1958
1959
1960
1963
1980
1982
1984
1987
2043
2044
2052
2053
2055
2063
2102
2104
2215
2486
2488
2489
2490
2491
2492
2495
2496
2497
2499
2500
2502
2503
2504
2505
2506
2507
2508
2509
2510
2511
2512
2513
2514
2515
2517
2518
2519
2520
2521
2525
2527
2530
2531
2532
2573
2603
2604
2605
2610
2663
2665
2701
2703
2707
2716
2717
2718
2719
2722
2723
2724
2725
2726
2734
2736
2737
2739
2740
2741
2743
2748
2749
2798
2800
2802
2805
2806
2807
2809
2818
2907
2912
2913
2973
2974
2983
2989
2993
2999
3001
3002
3003
3004
3005
3006
3007
3008
3018
3020
3021
3024
3025
3026
3027
3028
3030
3032
3036
3037
3038
3039
3044
3045
3050
3051
3053
3061
3065
3066
3070
3071
3072
3073
3074
3075
3079
3080
3081
3082
3083
3084
3086
3093
3094
3095
3096
3097
3098
3099
3100
3101
3102
3104
3105
3108
3109
3110
3115
3119
3120
3121
3122
3123
3124
3125
3126
3127
3129
3130
3144
3152
3201
3233
3281
3309
3310
3338
3344
3347
3349
3355
3356
3360
3361
3363
3364
3365
3374
3377
3378
3379
3383
3384
3386
3387
3388
3389
3390
3391
3392
3395
3410
3413
3415
3419
3420
3424
3425
3427
3434
3435
3438
3439
3440
3441
3442
3444
3449
3455
3457
3460
3465
3466
3467
3468
3470
3473
3475
3476
3479
3482
3484
3485
3486
3494
3495
3496
3497
3498
3499
3500
3501
3503
3504
3506
3507
3508
3512
3513
3514
3516
3517
3520
3522
3523
3524
3525
3526
3531
3534
3536
3538
3539
3540
3541
3546
3547
3549
3553
3555
3585
3586
3592
3593
3596
3604
3605
3607
3608
3611
3612
3681
3694
3697
3712
3716
3732
3735
3737
3776
3780
3782
3789
3793
3827
3871
3872
3880
3901
3904
3906
3908
3909
3910
3911
3919
3920
3946
3961
3978
3980
3981
4168
4217
4386
4390
4391
4543
4546
4547
4548
4549
4550
4551
4552
4553
4556
4557
4558
4559
4561
4566
4582
4584
4586
4587
4712
4715
4730
4731
4732
4733
4735
4741
4742
5041
5043
5049
5056
5062
5074
5075
5076
5077
5078
5079
5080
5081
5084
5089
5093
5095
5096
5098
5099
5100
5101
5102
5103
5105
5107
5114
5117
5120
5121
5122
5125
5127
5129
5130
5131
5132
5133
5134
5135
5136
5137
5168
5254
5275
5278
5289
5292
5294
5303
5312
5313
5314
5320
5323
5324
5328
5331
5332
5333
5334
5345
5346
5348
5349
5351
5355
5357
5363
5389
5392
5394
5395
5396
5401
5403
5404
5408
5409
5410
5411
5412
5413
5414
5415
5416
5417
5418
5419
5420
5421
5422
5423
5424
5425
5426
5427
5428
5429
5430
5431
5432
5433
5434
5435
5436
5437
5438
5439
5440
5441
5442
5443
5444
5445
5446
5447
5448
5449
5456
5461
5467
5476
5482
5484
5491
5492
5493
5498
5499
5504
5505
5508
5513
5515
5516
5517
5518
5519
5521
5522
5523
5525
5537
5538
5542
5545
5546
5548
5550
5551
5552
5553
5557
5558
5560
5562
5563
5567
5569
5570
5572
5577
5581
5583
5586
5587
5588
5591
5592
5593
5594
5595
5596
5597
5598
5599
5600
5623
5625
5633
5634
5635
5646
5648
5651
5652
5653
5657
5659
5669
5670
5678
5680
5681
5693
5696
5697
5698
5708
5714
5715
5719
5725
5727
5731
5733
5735
5736
5737
5738
5740
5741
5754
5755
5756
5759
5764
5765
5770
5771
5777
5787
5788
5790
5791
5796
5798
5799
5802
5803
5805
5807
5808
5809
5810
5811
5812
5817
5820
5821
5822
5823
5827
5830
5831
5832
5834
5852
5853
5854
5882
5885
5891
5893
5896
5903
5905
5911
5924
5925
5937
5938
5939
5986
5989
5992
6008
6010
6012
6013
6016
6017
6073
6101
6103
6109
6112
6113
6119
6122
6123
6125
6126
6127
6129
6133
6134
6135
6136
6138
6141
6142
6143
6144
6151
6152
6153
6168
6284
6285
6289
6303
6304
6305
6307
6309
6310
6311
6313
6317
6349
6356
6357
6358
6359
6360
6361
6363
6475
6653
6708
6709
6710
6714
6742
6743
6750
6751
6752
6753
6756
6757
6767
6769
6775
6776
6778
6784
6786
6788
6790
6791
6792
6793
6795
6796
6797
6799
6800
6806
6808
6809
6813
6815
6821
6824
6825
6826
6827
6828
6829
6830
6831
6837
6857
6868
6919
6921
6932
6971
6981
7024
7036
7037
7038
7040
7042
7046
7047
7049
7052
7087
7090
7091
7105
7107
7108
7112
7114
7115
7116
7117
7118
7120
7128
7131
7132
7134
7135
7136
7137
7138
7139
7140
7141
7143
7146
7150
7151
7152
7153
7156
7177
7179
7185
7188
7189
7190
7191
7192
7193
7194
7195
7196
7197
7198
7200
7210
7212
7262
7285
7313
7315
7321
7356
7535
7590
7591
7592
7596
7604
7605
7609
7628
