4
5
7
11
13
22
23
25
27
32
38
47
49
55
60
63
64
69
70
77
79
80
82
83
84
86
89
90
92
93
97
103
104
106
108
110
112
116
118
119
121
122
125
126
129
130
134
135
138
139
140
142
146
147
148
149
153
157
158
160
163
165
166
168
173
174
175
176
177
179
183
187
190
197
205
207
208
210
211
219
223
225
226
228
231
236
238
240
245
246
248
249
251
253
256
257
258
260
261
262
264
269
274
277
278
281
283
284
286
290
291
295
297
299
300
301
304
305
306
309
310
311
312
313
314
315
317
318
320
321
322
326
328
329
332
333
336
337
338
339
340
341
342
343
344
346
347
348
349
350
352
353
355
356
357
358
359
360
362
363
364
365
372
373
376
383
417
418
424
425
427
430
436
439
445
446
447
448
451
452
455
464
466
471
472
475
486
487
526
531
574
688
694
696
714
725
745
749
751
752
755
756
757
759
773
776
779
781
783
784
786
787
788
792
795
796
799
800
805
806
814
816
818
821
822
825
828
830
831
832
836
837
839
840
842
844
845
846
847
848
849
854
858
859
862
863
864
865
869
874
875
878
879
880
881
890
891
894
897
907
909
910
912
915
918
920
925
926
930
932
935
937
939
942
960
963
965
971
972
973
974
975
978
980
981
990
994
996
997
998
1001
1002
1003
1004
1012
1013
1015
1016
1017
1019
1020
1021
1022
1025
1029
1030
1031
1032
1033
1034
1036
1037
1040
1044
1046
1047
1048
1050
1053
1054
1057
1063
1070
1078
1087
1093
1098
1104
1105
1106
1107
1108
1110
1112
1113
1119
1126
1127
1128
1129
1130
1133
1135
1144
1145
1150
1151
1162
1175
1176
1185
1192
1194
1196
1200
1207
1209
1211
1222
1231
1242
1245
1248
1253
1254
1262
1280
1295
1296
1302
1315
1334
1339
1346
1348
1351
1352
1363
1367
1368
1370
1376
1382
1387
1388
1393
1396
1397
1398
1399
1401
1402
1408
1411
1413
1414
1415
1417
1419
1420
1424
1425
1427
1429
1430
1431
1433
1434
1435
1436
1438
1439
1440
1441
1442
1448
1449
1450
1451
1453
1456
1457
1458
1461
1462
1463
1466
1468
1469
1470
1474
1476
1477
1480
1481
1484
1485
1487
1490
1492
1495
1503
1504
1506
1508
1512
1514
1515
1517
1519
1522
1523
1526
1529
1534
1535
1539
1542
1546
1547
1550
1551
1552
1554
1557
1559
1566
1567
1570
1571
1574
1575
1576
1577
1579
1581
1583
1585
1586
1587
1588
1590
1596
1600
1605
1607
1610
1611
1617
1618
1623
1624
1633
1634
1640
1641
1645
1651
1652
1663
1671
1680
1687
1688
1690
1693
1694
1696
1697
1699
1700
1702
1704
1705
1706
1710
1711
1712
1714
1716
1717
1720
1722
1724
1727
1728
1730
1731
1732
1733
1735
1736
1741
1744
1746
1747
1751
1753
1755
1756
1759
1761
1765
1766
1767
1770
1771
1773
1775
1776
1777
1778
1779
1781
1783
1787
1788
1791
1794
1795
1796
1799
1809
1812
1814
1815
1817
1819
1820
1821
1822
1823
1824
1825
1826
1827
1828
1829
1830
1832
1834
1835
1836
1837
1838
1839
1840
1841
1842
1843
1844
1845
1846
1847
1848
1849
1850
1851
1852
1853
1854
1855
1856
1857
1858
1859
1860
1861
1862
1863
1864
1865
1866
1867
1868
1869
1870
1871
1872
1873
1890
1893
1895
1899
1902
1905
1908
1909
1925
1932
1984
1992
2009
2027
2030
2031
2039
2062
2067
2084
2086
2091
2107
2108
2115
2120
2133
2134
2182
2183
2191
2221
2223
2233
2243
2248
2254
2255
2256
2258
2261
2266
2267
2268
2269
2271
2272
2280
2281
2282
2283
2285
2286
2288
2290
2291
2292
2293
2294
2295
2298
2299
2301
2302
2304
2305
2306
2307
2309
2310
2311
2312
2313
2315
2316
2317
2318
2319
2320
2321
2322
2323
2324
2325
2326
2328
2329
2330
2331
2333
2334
2339
2341
2342
2346
2347
2350
2351
2353
2357
2358
2360
2364
2365
2366
2367
2370
2376
2378
2380
2381
2386
2387
2388
2390
2391
2393
2395
2396
2403
2404
2405
2406
2411
2413
2414
2415
2418
2420
2422
2423
2424
2426
2428
2429
2432
2433
2435
2436
2437
2438
2439
2440
2441
2442
2444
2445
2448
2451
2452
2455
2456
2458
2459
2460
2461
2462
2463
2464
2465
2466
2467
2470
2471
2472
2473
2476
2477
2478
2479
2480
2481
2482
2483
2484
2485
2486
2490
2491
2492
2493
2494
2495
2496
2500
2503
2505
2508
2509
2510
2511
2514
2515
2516
2518
2520
2521
2522
2538
2552
2553
2555
2559
2562
2563
2564
2566
2568
2569
2610
2612
2613
2629
2639
2646
2647
2649
2652
2653
2656
2657
2659
2660
2661
2662
2666
2668
2669
2670
2672
2674
2677
2678
2680
2681
2683
2685
2690
2691
2696
2697
2698
2699
2701
2704
2705
2706
2709
2710
2711
2712
2713
2714
2715
2716
2717
2722
2723
2724
2725
2730
2732
2733
2736
2737
2738
2740
2741
2742
2743
2744
2745
2746
2747
2748
2749
2750
2752
2756
2757
2758
2760
2762
2763
2765
2768
2769
2770
2771
2773
2774
2775
2776
2780
2784
2786
2788
2793
2794
2795
2796
2802
2803
2806
2807
2809
2810
2811
2812
2814
2815
2816
2818
2821
2826
2832
2836
2838
2841
2842
2844
2845
2847
2849
2851
2852
2858
2860
2864
2866
2868
2873
2874
2875
2877
2878
2879
2881
2907
2918
2920
2921
2923
2947
2955
2958
2963
2971
2972
2976
2978
2979
2980
2981
2984
2987
2988
2989
2992
2994
3007
3009
3017
3018
3020
3022
3023
3025
3026
3027
3028
3029
3030
3038
3040
3041
3043
3047
3048
3050
3054
3055
3059
3060
3064
3065
3068
3069
3071
3072
3073
3074
3077
3078
3080
3082
3083
3084
3085
3086
3087
3088
3090
3091
3092
3093
3094
3095
3096
3097
3098
3099
3100
3101
3102
3103
3104
3105
3106
3107
3108
3109
3110
3111
3112
3113
3115
3120
3122
3123
3125
3126
3127
3130
3131
3133
3134
3137
3142
3144
3145
3147
3148
3149
3150
3151
3152
3153
3154
3156
3157
3160
3162
3163
3165
3166
3167
3168
3169
3171
3172
3174
3176
3177
3179
3182
3184
3186
3189
3191
3192
3193
3194
3196
3197
3198
3199
3201
3202
3203
3205
3207
3210
3211
3213
3216
3221
3222
3229
3231
3233
3234
3235
3238
3240
3241
3243
3244
3246
3252
3256
3258
3259
3261
3263
3264
3265
3267
3268
3271
3273
3274
3275
3276
3280
3283
3292
3293
3294
3298
3299
3300
3304
3307
3308
3310
3311
3312
3314
3315
3319
3320
3321
3322
3323
3326
3329
3330
3331
3333
3334
3335
3337
3338
3339
3340
3341
3343
3345
3346
3347
3348
3351
3352
3355
3358
3361
3362
3363
3364
3365
3366
3368
3370
3371
3372
3374
3375
3376
3380
3381
3388
3389
3391
3395
3398
3399
3400
3401
3403
3404
3408
3410
3413
3414
3416
3418
3420
3421
3424
3425
3428
3429
3430
3431
3432
3434
3436
3437
3440
3441
3444
3445
3446
3447
3450
3451
3453
3454
3457
3459
3462
3463
3464
3465
3468
3469
3470
3475
3477
3478
3479
3485
3486
3487
3490
3493
3495
3499
3502
3508
3509
3510
3513
3516
3517
3520
3527
3528
3529
3530
3531
3545
3546
3547
3548
3549
3550
3551
3552
3553
3554
3555
3556
3558
3560
3561
3562
3563
3575
3582
3584
3586
3590
3592
3596
3597
3599
3600
3612
3625
3633
3639
3641
3642
3644
3666
3667
3680
3682
3683
3685
3703
3704
3708
3719
3721
3731
3732
3734
3791
3974
3975
3980
3998
4003
4009
4020
4028
4041
4062
4075
4081
4087
4103
4109
4115
4122
4128
4134
4145
4151
4162
4173
4179
4200
4211
4229
4242
4247
4269
4275
4289
4298
4303
4304
4321
4377
4399
4404
4417
4423
4437
4442
4443
4482
4513
4549
4562
4577
4582
4596
4606
4615
4621
4634
4644
4650
4655
4660
4665
4675
4688
4693
4707
4712
4718
4731
4736
4741
4751
4757
4762
4767
4772
4781
4804
4813
4818
4832
4842
4847
4852
4857
4867
4872
4900
4937
4951
4956
4966
4976
4990
4995
5000
5015
5020
5026
5031
5036
5041
5046
5052
5061
5070
5078
5085
5090
5096
5102
5112
5117
5123
5128
5134
5143
5158
5164
5173
5179
5205
5216
5222
5230
5237
5248
5254
5260
5297
5313
5321
5334
5340
5346
5393
5422
5453
5475
5513
5519
5525
5531
5537
5555
5582
5626
5638
5644
5709
5721
5722
5761
5766
5782
5794
5795
5820
5821
5832
5834
5835
5849
5855
5856
5857
5858
5860
5861
5864
5869
5870
5872
5875
5876
5879
5880
5881
5884
5890
5892
5893
5894
5895
5899
5900
5901
5903
5904
5905
5906
5912
5913
5915
5916
5918
5919
5920
5921
5927
5928
5931
5939
5940
5941
5942
5943
5944
5946
5947
5948
5949
5950
5954
5956
5957
5960
5963
5965
5971
5972
5976
5977
5978
5979
5984
6009
6015
6030
6055
6060
6067
6070
6071
6074
6075
6105
6106
6107
6114
6120
6143
6150
6151
6152
6168
6169
6170
6174
6175
6176
6181
6184
6190
6192
6194
6198
6234
6260
6315
6316
6321
6326
6329
6330
6332
6339
6345
6346
6355
6370
6375
6386
6387
6388
6389
6391
6392
6398
6400
6403
6404
6406
6408
6410
6416
6417
6421
6422
6427
6430
6474
6485
6496
6503
6506
6511
6553
6560
6561
6577
6607
6619
6630
6654
6666
6671
6685
6698
6727
6758
6764
6803
6844
6860
6861
6863
6864
6873
6874
6875
6876
6877
6878
6879
6880
6881
6882
6883
6884
6885
6887
6906
6966
6967
6976
6992
6995
6998
7009
7014
7015
7041
7042
7045
7046
7053
7054
7056
7057
7065
7071
7073
7074
7080
7094
7095
7097
7099
7100
7105
7111
7113
7116
7117
7121
7122
7126
7127
7128
7134
7135
7137
7150
7155
7158
7177
7180
7189
7190
7191
7194
7195
7222
7223
7224
7225
7236
7250
7271
7273
7276
7280
7283
7286
7288
7290
7300
7347
7364
7366
7367
7368
7370
7371
7372
7373
7374
7375
7376
7377
7378
7379
7380
7382
7383
7384
7386
7387
7389
7391
7392
7393
7394
7396
7397
7398
7399
7400
7401
7402
7403
7404
7405
7406
7407
7408
7409
7410
7411
7412
7413
7414
7415
7416
7417
7418
7419
7420
7421
7422
7424
7425
7426
7427
7428
7429
7430
7431
7432
7433
7434
7435
7436
7437
7438
7440
7447
7448
7449
7450
7451
7452
7457
7458
7459
7465
7502
7518
7523
7524
7525
7526
7527
7529
7550
7570
7574
7575
7583
7584
7605
7606
7608
7610
7613
7614
7615
7616
7617
7622
7625
7627
7630
7632
7634
7635
7636
7637
7639
7643
7644
7645
7650
7651
7655
7659
7660
7661
7663
7664
7667
7671
7672
7673
7674
7675
7677
7678
7679
7680
7681
7682
7683
7684
7685
7686
7687
7688
7690
7691
7693
7695
7696
7697
7698
7699
7706
7707
7713
7717
7718
7719
7720
7721
7722
7724
7726
7727
7729
7730
7731
7732
7734
7740
7749
7752
7755
7758
7763
7767
7769
7770
7773
7774
7781
7782
7790
7799
7800
7808
7809
7812
7815
7817
7824
7826
7827
7828
7840
7846
7854
7858
7863
7871
7876
7881
7884
7891
7892
7902
7903
7908
7912
7995
7997
7998
7999
8003
8009
8013
8027
8049
8075
8084
8097
8101
8107
8114
8134
8150
8166
8170
8180
8190
8196
8203
8210
8212
8214
8250
8251
8286
8288
8289
8290
8310
8312
8313
8315
8317
8320
8324
8325
8329
8330
8331
8332
8333
8334
8335
8336
8337
8339
8340
8341
8362
8366
8396
8411
8436
8442
8443
8464
8482
8492
8498
8500
8511
8525
8531
8546
8547
8549
8550
8557
8562
8567
8594
8595
8603
8615
8647
8664
8671
8672
8686
8702
8703
8704
8705
8707
8709
8722
8732
8733
8737
8764
8845
8883
8884
8901
8903
8909
8912
8914
8916
8918
8920
8922
8923
8924
8925
8926
8928
8929
8938
8946
8947
8949
8989
8992
8999
9000
9014
9019
9028
9029
9033
9038
9051
9061
9063
9064
9065
9067
9069
9071
9072
9076
9077
9078
9079
9081
9082
9089
9093
9094
9097
9098
9099
9100
9105
9107
9111
9112
9117
9118
9119
9120
9123
9124
9125
9127
9134
9137
9138
9140
9141
9146
9153
9160
9165
9166
9167
9173
9174
9178
9180
9185
9187
9190
9194
9200
9201
9205
9206
9207
9208
9209
9214
9215
9217
9234
9237
9240
9241
9242
9245
9247
9249
9250
9251
9253
9254
9255
9256
9257
9260
9263
9267
9269
9272
9277
9281
9285
9286
9287
9289
9290
9291
9292
9295
9297
9312
9316
9328
9331
9334
9336
9337
9338
9342
9346
9349
9351
9353
9354
9355
9359
9360
9362
9370
9371
9372
9373
9374
9375
9376
9377
9378
9379
9380
9389
9393
9396
9402
9404
9405
9406
9408
9409
9413
9416
9448
9451
9467
9471
9476
9477
9478
9481
9483
9519
9520
9546
9548
9549
9554
9585
9590
9591
9592
9594
9595
9596
9597
9598
9600
9652
9657
9660
9669
9670
9673
9674
9676
9680
9683
9685
9693
9697
9698
9702
9724
9739
9749
9750
9755
9756
9758
9761
9762
9764
9766
9767
9770
9771
9772
9776
9783
9784
9786
9787
9788
9793
9794
9795
9799
9801
9802
9804
9805
9807
9808
9809
9810
9811
9812
9813
9817
9818
9819
9820
9821
9826
9830
9831
9832
9834
9835
9837
9838
9840
9843
9846
9854
9855
9856
9858
9862
9871
9872
9874
9875
9876
9883
9887
9888
9889
9890
9891
9892
9893
9895
9898
9900
9902
9903
9905
9908
9910
9911
9912
9913
9914
9915
9916
9917
9919
9928
9930
9931
9933
9937
9938
9940
9944
9945
9949
9950
9954
9955
9958
9959
9961
9962
9963
9964
9965
9966
9969
9970
9971
9973
9975
9976
9977
9978
9979
9980
9981
9983
9984
9985
9986
9987
9988
9989
9990
9991
9992
9993
9995
9996
9997
9998
9999
10000
10001
10002
10003
10004
10006
10012
10014
10015
10017
10018
10019
10032
10035
10037
10043
10044
10045
10046
10048
10051
10053
10054
10063
10067
10069
10070
10071
10074
10075
10076
10077
10085
10086
10088
10089
10090
10092
10093
10094
10095
10098
10102
10103
10104
10105
10106
10107
10109
10110
10113
10117
10119
10120
10121
10123
10126
10127
10130
10137
10144
10153
10162
10168
10173
10179
10180
10181
10182
10183
10185
10187
10188
10194
10201
10202
10203
10204
10205
10208
10210
10219
10220
10224
10225
10237
10251
10252
10261
10268
10270
10272
10283
10285
10287
10298
10307
10311
10312
10313
10315
10316
10317
10318
10322
10324
10326
10329
10330
10333
10335
10337
10338
10339
10342
10343
10344
10345
10346
10347
10349
10350
10353
10354
10355
10356
10357
10358
10359
10360
10362
10364
10366
10367
10369
10370
10379
10382
10383
10384
10385
10386
10387
10389
10393
10394
10395
10399
10400
10407
10409
10410
10411
10412
10413
10414
10416
10418
10419
10420
10421
10422
10423
10424
10427
10429
10431
10433
10436
10437
10438
10439
10442
10443
10444
10448
10449
10451
10453
10454
10457
10458
10462
10467
10468
10470
10474
10477
10478
10480
10481
10482
10487
10489
10490
10492
10493
10494
10495
10496
10497
10498
10499
10501
10504
10506
10507
10509
10510
10511
10512
10513
10515
10516
10518
10520
10521
10523
10526
10528
10530
10533
10535
10536
10537
10538
10540
10541
10542
10543
10545
10546
10547
10549
10551
10554
10555
10557
10560
10565
10566
10567
10574
10575
10577
10579
10580
10583
10585
10586
10588
10589
10591
10596
10600
10602
10603
10606
10607
10608
10610
10611
10614
10616
10617
10618
10622
10623
10626
10634
10635
10636
10640
10641
10642
10643
10647
10651
10652
10654
10655
10656
10658
10662
10663
10664
10665
10666
10669
10672
10673
10674
10676
10677
10678
10679
10681
10682
10683
10685
10687
10689
10690
10691
10692
10695
10696
10699
10702
10705
10706
10707
10708
10709
10710
10712
10714
10715
10716
10718
10719
10720
10724
10725
10726
10728
10734
10735
10736
10737
10741
10742
10744
10745
10746
10747
10751
10753
10756
10758
10760
10762
10763
10766
10767
10770
10771
10772
10773
10774
10776
10777
10779
10781
10784
10785
10786
10787
10790
10791
10793
10794
10797
10799
10802
10804
10805
10807
10810
10811
10812
10817
10819
10820
10821
10824
10825
10828
10829
10830
10833
10836
10838
10842
10845
10848
10852
10853
10854
10856
10858
10861
10862
10865
10897
10901
10917
10921
10925
10926
10927
10930
10932
10968
10969
10995
10997
10998
11003
11034
11039
11040
11041
11043
11044
11045
11046
11047
11049
11070
11071
11072
11091
11096
11110
11114
11115
11116
11117
11126
11147
11149
11153
11162
11165
11169
11172
11189
11198
11200
11202
11207
11209
11210
11213
11214
11215
11216
11217
11219
11221
11223
11224
11226
11227
11228
11244
11251
11252
11267
11268
11270
11271
11272
11273
11277
11279
11281
11284
11287
11289
11290
11291
11292
11293
11295
11315
11345
11355
11364
11381
11400
11403
11404
11412
11435
11440
11458
11463
11480
11481
11488
11492
11505
11506
11555
11563
11591
11593
11602
11612
11616
