34
49
51
53
77
90
94
95
96
104
105
106
107
108
121
230
259
260
267
281
282
292
293
303
304
305
310
312
340
347
348
373
396
424
454
456
466
472
473
491
493
497
500
503
505
506
507
508
510
511
513
514
516
519
522
526
527
532
537
538
539
541
544
546
547
551
554
557
559
573
574
598
599
605
616
619
650
666
682
683
699
758
845
849
850
851
852
860
861
862
863
864
865
866
867
878
897
901
902
903
906
921
922
926
927
928
931
932
1044
1135
1137
1139
1140
1144
1145
1157
1166
1170
1176
1182
1183
1194
1235
1262
1266
1270
1277
1281
1312
1317
1328
1372
1373
1378
1433
1448
1464
1481
1553
1554
1557
1558
1559
1560
1576
1616
1617
1618
1619
1631
1654
1663
1664
1678
1682
1684
1685
1687
1691
1693
1696
1699
1700
1703
1704
1705
1707
1708
1713
1715
1717
1720
1721
1722
1726
1728
1730
1733
1736
1737
1740
1742
1747
1752
1757
1759
1903
1928
1936
1949
1955
1974
1992
1998
2004
2021
2025
2050
2062
2069
2108
2113
2124
2132
2145
2152
2155
2164
2166
2170
2192
2193
2194
2212
2219
2221
2222
2223
2224
2230
2233
2239
2254
2255
2281
2282
2283
2287
2294
2295
2300
2305
2306
2307
2308
2309
2317
2318
2319
2320
2325
2326
2327
2328
2329
2330
2331
2332
2333
2336
2339
2340
2341
2353
2358
2364
2367
2369
2376
2377
2384
2385
2386
2387
2388
2389
2391
2392
2394
2401
2402
2411
2427
2428
2444
2453
2459
2498
2529
2540
2543
2551
2558
2559
2564
2567
2574
2577
2579
2606
2632
2635
2658
2681
2692
2700
2730
2733
2750
2781
2799
2812
2816
2828
2829
2830
2831
2832
2834
2835
2838
2839
2842
2843
2844
2845
2846
2847
2849
2851
2852
2853
2854
2855
2860
2865
2876
2879
2880
2881
2882
2883
2884
2885
2888
2920
2924
2926
2927
2932
2934
2938
2941
2948
2964
2965
2967
2970
2971
3054
3175
3180
3181
3195
3202
3217
3223
3226
3239
3246
3255
3258
3270
3271
3277
3278
3283
3289
3295
3297
3304
3306
3325
3327
3340
3345
3346
3357
3362
3406
3414
3431
3432
3448
3451
3502
3559
3606
3621
3635
3666
3667
3675
3676
3677
3720
3779
3786
3814
3831
3833
3836
3840
3852
3868
3890
3893
3977
4032
4072
4073
4095
4113
4258
4262
4270
4275
4276
4310
4314
4319
4334
4372
4377
4393
4394
4395
4398
4400
4402
4403
4404
4406
4408
4410
4412
4413
4414
4415
4417
4418
4419
4420
4421
4422
4423
4424
4425
4426
4428
4429
4431
4433
4434
4435
4438
4440
4441
4442
4443
4444
4451
4452
4453
4454
4457
4459
4461
4465
4466
4467
4474
4475
4476
4478
4479
4481
4482
4483
4485
4487
4489
4492
4493
4495
4496
4497
4498
4499
4503
4504
4505
4507
4510
4513
4516
4518
4520
4523
4524
4526
4527
4530
4531
4533
4534
4537
4540
4541
4545
4563
4565
4570
4615
4644
4676
4701
4723
4767
4782
4791
4793
4805
4806
4827
4828
4831
4832
4836
4862
4866
4870
4872
4873
4876
4877
4878
4880
4887
4895
4907
4910
4925
4938
4939
4943
4945
4947
4949
4950
4951
4954
4962
4971
4972
4987
4988
4994
5007
5008
5012
5021
5025
5027
5029
5045
5048
5057
5058
5060
5063
5066
5067
5068
5069
5070
5071
5090
5142
5172
5179
5221
5236
5237
5267
5286
5327
5347
5387
5391
5462
5464
5561
5606
5850
5892
5897
5902
5917
5918
5921
5948
5961
6000
6003
6014
6023
6054
6066
6069
6088
6089
6096
6098
6120
6181
6183
6193
6204
6222
6264
6273
6274
6275
6287
6288
6292
6293
6327
6336
6337
6352
6353
6354
6367
6379
6392
6407
6411
6418
6433
6434
6435
6436
6439
6440
6441
6442
6448
6462
6468
6492
6493
6494
6495
6498
6499
6500
6510
6511
6512
6521
6524
6525
6528
6530
6600
6602
6603
6604
6605
6621
6622
6624
6629
6632
6634
6635
6636
6657
6674
6680
6681
6682
6683
6685
6686
6687
6689
6690
6691
6692
6693
6704
6716
6717
6723
6726
6768
6779
6780
6803
6805
6807
6823
6841
6842
6843
6844
6845
6851
6852
6853
6854
6855
6856
6860
6861
6862
6863
6864
6865
6870
6871
6872
6874
6875
6876
6877
6879
6880
6883
6884
6889
6890
6891
6892
6893
6894
6897
6898
6902
6903
6904
6905
6906
6909
6910
6911
6914
6916
6920
6922
6924
6925
6927
6928
6930
6931
6933
6935
6937
6938
6940
6941
6942
6944
6945
6946
6947
6948
6949
6950
6951
6953
6954
6955
6957
6958
6959
6960
6961
6962
6967
6968
6973
6976
6980
6983
6984
7004
7005
7007
7009
7010
7014
7015
7016
7017
7018
7020
7022
7067
7096
7097
7122
7129
7142
7148
7171
7205
7208
7216
7223
7226
7239
7274
7276
7280
7287
7299
7302
7307
7328
7342
7349
7375
7376
7377
7378
7380
7382
7384
7393
7394
7395
7404
7407
7408
7411
7412
7414
7470
7471
7483
7485
7486
7492
7493
7494
7495
7504
7505
7507
7510
7511
7512
7515
7517
7518
7519
7539
7556
7561
7562
7563
7566
7567
7598
7624
