0
129
130
134
143
149
300
339
341
373
496
506
507
509
516
525
540
552
553
557
564
570
574
575
606
608
610
611
615
624
626
636
643
652
653
665
669
677
679
680
700
708
712
716
720
721
722
723
724
725
726
729
730
735
736
737
738
739
740
742
743
746
747
748
756
763
764
765
766
767
768
769
770
862
863
867
871
872
874
875
876
877
879
881
883
884
886
887
890
893
900
903
904
1008
1015
1020
1021
1024
1035
1038
1041
1043
1061
1069
1094
1103
1104
1124
1126
1132
1169
1170
1171
1176
1177
1178
1180
1186
1188
1189
1192
1195
1196
1197
1198
1199
1200
1201
1202
1267
1271
1273
1274
1279
1281
1343
1368
1370
1371
1376
1378
1379
1385
1388
1390
1391
1392
1393
1442
1443
1444
1445
1461
1507
1528
1529
1533
1534
1537
1538
1539
1554
1784
