1
3
4
6
8
10
11
12
13
14
22
23
24
25
26
27
29
30
33
34
35
36
37
38
39
40
41
43
46
47
48
49
50
51
52
57
58
59
60
61
62
63
64
65
66
67
68
69
70
71
72
73
74
75
76
77
78
79
80
81
82
84
85
86
87
88
89
90
97
98
100
101
102
103
104
105
106
108
109
110
111
113
114
115
116
117
118
119
120
121
123
124
125
126
127
128
131
135
139
140
144
145
148
152
153
154
155
158
159
160
161
162
163
164
165
166
167
168
169
170
171
172
173
174
175
176
177
178
179
180
181
182
183
184
185
188
189
190
191
192
193
194
195
196
197
198
200
201
202
203
206
207
208
209
210
212
213
214
215
216
217
218
219
220
221
222
223
224
225
226
227
228
231
232
233
235
236
237
238
239
240
241
242
243
244
263
268
269
272
276
277
278
279
280
281
282
283
284
285
286
287
288
289
290
291
292
294
295
296
297
299
301
302
303
304
309
310
312
313
314
315
316
317
318
319
321
322
323
325
327
328
329
330
334
335
336
337
340
346
353
355
356
357
358
359
360
363
364
365
366
368
369
370
374
377
380
381
382
383
384
385
386
387
388
389
390
391
392
393
394
395
396
397
398
399
400
401
402
406
407
408
409
410
411
412
413
414
415
416
417
418
419
420
421
422
423
424
425
426
427
428
429
430
431
432
433
434
435
437
438
439
440
441
442
443
444
445
446
447
449
450
452
453
454
457
458
462
464
465
466
467
468
470
471
472
475
476
477
478
479
480
484
486
487
488
489
490
491
492
497
505
510
518
520
521
524
526
528
529
530
531
532
533
534
535
536
537
538
539
542
543
544
545
549
554
559
560
561
563
567
577
580
582
585
586
587
589
590
591
592
593
594
595
599
600
601
602
603
607
616
617
622
625
627
628
629
630
631
637
642
646
647
648
649
651
658
664
670
673
675
676
681
685
687
697
699
701
703
704
705
709
710
713
714
715
717
719
728
731
732
733
741
749
750
751
757
758
759
760
761
762
771
772
773
774
775
777
778
779
780
781
782
783
784
786
789
790
791
792
793
794
795
796
797
798
799
800
801
802
803
804
805
806
807
808
809
810
811
812
813
814
815
816
818
819
820
821
822
823
824
825
826
827
828
829
830
831
832
833
834
835
836
837
838
839
840
841
842
843
844
845
847
848
849
850
851
852
853
855
856
857
858
859
860
861
864
865
866
869
870
878
891
895
896
897
899
901
902
905
906
907
908
909
910
911
912
913
914
915
916
917
918
919
920
922
923
927
928
929
930
931
932
933
934
936
938
940
941
942
943
944
946
947
950
952
957
958
959
960
961
962
963
964
966
967
968
969
970
971
972
973
974
975
980
986
992
993
995
996
997
1002
1003
1009
1014
1025
1026
1039
1044
1046
1047
1052
1057
1058
1059
1062
1063
1071
1077
1078
1080
1081
1084
1088
1092
1099
1105
1111
1113
1116
1125
1130
1133
1134
1135
1136
1137
1138
1139
1140
1141
1142
1143
1144
1145
1149
1150
1151
1152
1153
1158
1167
1172
1173
1175
1184
1190
1203
1204
1205
1206
1207
1208
1210
1211
1212
1213
1214
1215
1216
1217
1218
1219
1220
1222
1223
1224
1225
1226
1227
1228
1229
1230
1231
1232
1233
1234
1235
1236
1237
1238
1239
1240
1241
1242
1243
1244
1245
1246
1247
1248
1249
1250
1251
1252
1253
1254
1255
1256
1257
1258
1259
1260
1261
1262
1263
1275
1278
1291
1293
1295
1296
1297
1301
1302
1303
1305
1306
1307
1308
1312
1313
1316
1317
1321
1324
1325
1328
1329
1330
1331
1333
1334
1335
1337
1338
1339
1340
1344
1345
1346
1347
1348
1349
1350
1351
1352
1353
1354
1355
1356
1357
1358
1359
1360
1361
1363
1364
1365
1366
1373
1380
1381
1382
1383
1386
1394
1395
1396
1398
1400
1403
1404
1405
1406
1407
1408
1409
1410
1412
1414
1416
1417
1418
1419
1420
1421
1422
1423
1424
1426
1427
1428
1429
1430
1432
1433
1435
1436
1437
1439
1440
1441
1447
1448
1453
1456
1457
1459
1464
1467
1468
1471
1473
1476
1478
1479
1480
1481
1482
1483
1484
1485
1486
1487
1488
1489
1490
1491
1492
1493
1494
1495
1496
1497
1499
1500
1501
1502
1503
1504
1505
1511
1512
1513
1514
1515
1516
1526
1530
1541
1542
1543
1544
1545
1547
1548
1549
1550
1551
1552
1553
1555
1556
1557
1558
1560
1561
1562
1563
1564
1566
1567
1568
1569
1570
1572
1573
1574
1575
1576
1577
1578
1579
1581
1582
1583
1585
1587
1588
1589
1591
1592
1593
1594
1595
1596
1597
1598
1599
1600
1601
1602
1603
1604
1605
1606
1607
1608
1609
1610
1611
1612
1613
1617
1618
1619
1620
1621
1622
1623
1624
1625
1626
1627
1628
1629
1630
1631
1632
1633
1634
1635
1636
1637
1638
1639
1640
1641
1642
1643
1644
1645
1647
1648
1649
1650
1651
1652
1653
1654
1655
1656
1657
1658
1660
1661
1662
1664
1665
1666
1667
1668
1669
1670
1671
1673
1676
1677
1678
1679
1680
1681
1682
1683
1684
1685
1686
1687
1688
1689
1690
1691
1692
1693
1694
1695
1696
1697
1698
1699
1700
1701
1702
1704
1705
1706
1707
1708
1709
1710
1711
1712
1713
1714
1715
1716
1717
1718
1719
1720
1721
1722
1723
1724
1725
1726
1727
1728
1729
1731
1732
1733
1734
1735
1736
1738
1739
1740
1741
1742
1743
1744
1745
1746
1747
1748
1749
1750
1751
1752
1753
1754
1755
1756
1757
1758
1759
1760
1761
1762
1763
1764
1765
1766
1767
1768
1770
1771
1772
1773
1774
1775
1776
1778
1779
1780
1781
1785
1786
1787
1788
1789
1790
1791
1792
1793
1794
1795
1796
1797
1798
1799
1800
1801
1804
1805
1806
1807
1808
1809
1810
1811
1812
1813
1814
1816
1817
1818
1819
1822
1823
1824
1825
1826
1827
1828
1829
1830
1831
1832
1833
1834
1835
1836
1837
1838
1839
1840
1841
1842
1843
1846
1847
1848
1850
1851
1852
1853
1854
1855
1856
1857
1858
1859
1860
1862
1863
1864
1865
1866
1867
1868
1869
1870
1871
1872
1873
