1
4
12
14
27
34
39
40
49
50
51
52
59
61
62
63
64
67
68
69
81
87
88
97
111
121
135
139
148
152
155
158
159
160
161
162
163
169
170
171
172
174
175
176
177
194
195
196
244
269
309
312
313
314
315
316
317
318
319
321
322
327
328
330
340
355
356
360
368
380
381
382
383
384
386
388
389
391
392
393
394
395
398
399
400
401
424
425
431
432
435
439
443
444
445
467
468
484
489
497
505
510
529
530
531
533
534
535
536
537
559
560
561
563
567
580
582
590
591
617
630
631
649
664
670
675
697
699
701
703
704
705
719
759
772
773
774
775
778
779
780
781
782
783
784
790
791
793
794
804
813
839
840
842
847
848
849
850
856
857
858
859
860
861
864
865
878
891
895
896
902
911
946
950
960
964
980
1014
1058
1059
1081
1099
1125
1130
1152
1173
1275
1307
1313
1321
1324
1325
1328
1329
1330
1331
1334
1337
1338
1344
1349
1351
1352
1353
1354
1355
1356
1357
1358
1359
1360
1361
1373
1380
1381
1386
1394
1395
1396
1398
1403
1405
1406
1407
1414
1416
1417
1418
1432
1435
1436
1437
1439
1440
1441
1447
1448
1456
1457
1459
1464
1476
1485
1486
1494
1495
1502
1505
1511
1512
1513
1514
1515
1516
1526
1530
1541
1542
1566
1567
1568
1569
1572
1573
1574
1575
1576
1577
1578
1579
1581
1582
1587
1588
1591
1592
1593
1594
1595
1597
1599
1600
1602
1603
1604
1605
1606
1609
1610
1611
1612
1635
1636
1641
1642
1645
1649
1653
1654
1655
1656
1661
1662
1665
1666
1667
1668
1669
1670
1671
1677
1678
1680
1681
1691
1699
1724
1725
1727
1731
1732
1733
1739
1740
1741
1742
1743
1744
1760
1761
1762
1763
1764
1765
1766
1767
1768
1775
1778
1779
1785
1790
1792
1793
1810
1811
1812
1860
1863
1864
1865
1867
1868
1869
1870
1871
