26
34
35
36
39
43
44
53
57
85
91
105
133
144
145
169
204
229
234
242
250
275
280
316
319
345
385
415
422
429
434
441
444
458
467
468
477
481
483
494
496
497
499
500
501
502
503
507
510
515
516
518
519
520
528
529
534
535
542
544
547
552
553
555
559
571
573
575
576
578
581
583
584
585
586
589
590
591
592
594
598
599
608
623
625
635
637
638
653
673
679
686
690
704
705
707
710
716
718
728
741
754
761
764
765
767
771
790
797
807
808
809
812
813
817
827
838
843
885
896
928
929
938
953
967
969
977
989
991
1066
1067
1075
1101
1136
1137
1138
1141
1164
1174
1178
1208
1220
1247
1249
1250
1251
1252
1259
1261
1271
1281
1284
1286
1288
1289
1290
1292
1293
1305
1309
1331
1345
1349
1350
1354
1355
1377
1378
1380
1381
1383
1384
1385
1392
1394
1407
1409
1410
1416
1423
1428
1437
1443
1445
1454
1455
1459
1465
1471
1472
1473
1482
1489
1491
1497
1498
1510
1513
1520
1530
1537
1538
1556
1569
1573
1584
1597
1598
1608
1612
1621
1653
1660
1664
1675
1683
1698
1701
1718
1749
1750
1758
1807
1811
1831
1833
1875
1878
1913
1914
1915
1918
1920
1924
1926
1935
1938
1939
1944
1977
1980
1986
1988
1989
1996
1998
1999
2001
2004
2007
2008
2010
2017
2018
2026
2032
2035
2037
2041
2042
2045
2046
2051
2055
2058
2060
2064
2071
2072
2073
2074
2076
2078
2079
2081
2082
2085
2089
2092
2094
2095
2104
2105
2106
2109
2121
2122
2123
2124
2125
2129
2130
2131
2132
2136
2140
2141
2142
2144
2145
2146
2148
2149
2150
2152
2155
2156
2157
2159
2160
2165
2166
2174
2175
2177
2178
2180
2185
2186
2188
2192
2195
2196
2199
2202
2203
2204
2205
2206
2207
2209
2210
2211
2212
2213
2214
2215
2216
2218
2219
2222
2224
2226
2227
2232
2235
2238
2244
2259
2260
2264
2278
2279
2296
2297
2308
2314
2343
2359
2412
2453
2488
2506
2526
2535
2536
2541
2542
2543
2544
2545
2546
2547
2549
2550
2551
2554
2556
2557
2558
2560
2561
2567
2572
2573
2574
2575
2576
2577
2580
2581
2582
2584
2587
2588
2589
2590
2591
2592
2593
2594
2595
2597
2598
2599
2601
2602
2604
2614
2615
2616
2617
2619
2620
2621
2622
2625
2626
2628
2630
2631
2632
2634
2636
2658
2686
2694
2726
2728
2753
2801
2824
2828
2829
2840
2863
2885
2887
2894
2898
2901
2908
2917
2919
2929
2931
2935
2936
2937
2945
2949
2954
2969
2974
2975
2977
2999
3000
3001
3015
3024
3033
3036
3037
3052
3135
3136
3141
3173
3180
3188
3206
3214
3217
3223
3236
3239
3242
3245
3249
3262
3266
3270
3272
3282
3288
3291
3303
3306
3342
3344
3359
3360
3367
3406
3407
3409
3412
3422
3460
3491
3492
3526
3532
3540
3603
3606
3614
3615
3616
3617
3618
3619
3620
3621
3622
3624
3627
3628
3632
3635
3637
3638
3640
3647
3648
3650
3659
3663
3665
3674
3677
3684
3686
3715
3722
3729
3733
3738
3739
3743
3763
3769
3776
3778
3782
3790
3854
3855
4218
4224
4335
4448
4794
4899
4992
4997
5076
5077
5167
5223
5481
5694
5695
5696
5701
5711
5712
5715
5716
5717
5718
5719
5720
5723
5725
5728
5730
5731
5734
5736
5738
5740
5743
5744
5746
5749
5750
5751
5765
5769
5771
5778
5779
5780
5781
5787
5789
5790
5791
5792
5796
5797
5798
5799
5804
5806
5807
5809
5815
5822
5823
5828
5841
5862
5863
5873
5877
5878
5883
5887
5891
5896
5908
5914
5929
5959
5964
5967
5970
5995
5996
5997
6004
6016
6017
6019
6020
6024
6027
6038
6043
6048
6063
6077
6086
6093
6098
6104
6108
6110
6116
6118
6123
6125
6128
6131
6133
6139
6140
6144
6147
6183
6204
6210
6213
6215
6223
6227
6229
6232
6237
6241
6242
6244
6251
6258
6266
6270
6294
6312
6353
6357
6363
6372
6377
6428
6429
6436
6440
6442
6443
6444
6452
6457
6458
6473
6481
6482
6491
6498
6499
6501
6502
6507
6513
6517
6531
6533
6535
6539
6543
6548
6552
6568
6573
6582
6592
6595
6598
6601
6605
6616
6622
6627
6629
6637
6650
6659
6663
6665
6681
6691
6704
6705
6706
6716
6739
6740
6744
6759
6769
6777
6783
6793
6801
6814
6815
6816
6830
6836
6839
6841
6847
6854
6858
6888
6889
6892
6893
6894
6896
6897
6900
6902
6904
6908
6909
6910
6914
6916
6919
6920
6921
6923
6925
6927
6929
6931
6933
6937
6939
6942
6943
6944
6947
6951
6953
6954
6955
6956
6957
6959
6960
6961
6963
6964
6969
6972
6973
6977
6983
6990
6994
6996
7005
7012
7018
7021
7022
7023
7024
7026
7027
7029
7030
7032
7033
7034
7035
7036
7037
7038
7039
7049
7058
7059
7070
7081
7083
7093
7096
7107
7110
7124
7130
7141
7144
7146
7183
7185
7186
7215
7226
7239
7240
7249
7319
7325
7330
7336
7337
7361
7365
7395
7439
7441
7490
7491
7494
7496
7498
7505
7506
7507
7509
7531
7532
7533
7534
7535
7537
7540
7541
7546
7547
7548
7549
7555
7564
7565
7571
7577
7598
7599
7604
7609
7619
7623
7624
7626
7629
7633
7640
7648
7676
7700
7701
7702
7704
7705
7708
7723
7735
7737
7738
7741
7742
7743
7744
7746
7750
7754
7756
7757
7759
7760
7761
7762
7768
7775
7779
7780
7788
7793
7794
7795
7797
7798
7804
7806
7810
7813
7818
7819
7822
7829
7835
7837
7838
7842
7843
7844
7845
7847
7849
7850
7851
7855
7856
7857
7859
7860
7862
7864
7865
7866
7869
7870
7872
7874
7875
7877
7878
7879
7882
7883
7885
7886
7889
7890
7893
7895
7896
7897
7898
7899
7970
7971
7972
7976
7983
7984
7985
7990
7992
7993
7996
8000
8001
8002
8004
8005
8006
8007
8008
8017
8018
8021
8022
8025
8029
8037
8040
8042
8043
8044
8047
8055
8056
8057
8058
8060
8062
8065
8071
8072
8080
8087
8088
8089
8090
8092
8094
8105
8110
8123
8133
8141
8142
8148
8151
8152
8160
8161
8167
8177
8181
8183
8184
8193
8194
8195
8198
8208
8216
8217
8218
8223
8232
8235
8236
8242
8244
8247
8248
8249
8253
8255
8256
8268
8276
8301
8304
8308
8314
8316
8346
8349
8355
8368
8369
8370
8372
8375
8376
8377
8378
8379
8383
8386
8387
8391
8394
8401
8402
8406
8410
8419
8429
8438
8450
8455
8462
8481
8524
8541
8542
8551
8554
8560
8565
8569
8573
8574
8578
8584
8585
8586
8587
8588
8590
8593
8596
8597
8599
8600
8601
8604
8607
8608
8611
8616
8617
8618
8624
8625
8626
8627
8628
8629
8630
8632
8633
8635
8636
8638
8640
8641
8642
8643
8644
8648
8650
8652
8653
8654
8655
8656
8667
8670
8673
8680
8682
8683
8684
8685
8687
8689
8690
8691
8693
8694
8695
8696
8697
8698
8699
8700
8701
8708
8712
8716
8717
8718
8720
8721
8723
8725
8728
8729
8730
8734
8735
8736
8739
8740
8742
8746
8749
8751
8756
8759
8760
8761
8766
8769
8771
8773
8774
8775
8782
8783
8784
8785
8788
8789
8793
8794
8803
8804
8807
8816
8817
8824
8828
8829
8835
8838
8849
8850
8851
8852
8853
8854
8859
8860
8861
8862
8864
8871
8872
8875
8880
8881
8882
8889
8893
8898
8899
8900
8907
8908
8930
8931
8935
8936
8943
8952
8959
8970
8972
8973
8979
8987
8996
9006
9007
9027
9052
9058
9060
9080
9108
9113
9114
9147
9148
9156
9157
9171
9177
9182
9189
9199
9211
9216
9222
9225
9226
9248
9266
9274
9276
9303
9319
9321
9322
9323
9324
9327
9329
9330
9345
9364
9367
9384
9390
9397
9398
9399
9414
9415
9419
9420
9422
9425
9427
9432
9436
9437
9441
9445
9446
9455
9460
9461
9462
9464
9468
9469
9479
9485
9486
9487
9488
9499
9515
9518
9526
9527
9538
9540
9557
9561
9574
9575
9583
9584
9586
9593
9606
9608
9610
9625
9631
9632
9634
9637
9638
9650
9655
9661
9662
9663
9665
9666
9667
9668
9677
9682
9687
9688
9689
9691
9713
9723
9725
9754
9763
9785
9803
9851
9857
9870
9873
9879
9880
9884
9885
9906
9921
9926
9927
9942
10025
10039
10041
10050
10062
10064
10140
10141
10147
10150
10176
10184
10211
10212
10216
10239
10250
10254
10284
10291
10297
10319
10320
10321
10408
10430
10447
10459
10461
10486
10517
10524
10532
10550
10558
10561
10568
10581
10584
10587
10590
10594
10605
10609
10613
10615
10625
10630
10633
10646
10649
10684
10686
10688
10703
10704
10711
10749
10750
10752
10755
10764
10800
10834
10835
10871
10874
10876
10881
10885
10886
10890
10894
10895
10905
10910
10911
10912
10914
10918
10919
10928
10934
10935
10936
10947
10963
10967
10975
10976
10987
10989
11006
11010
11023
11024
11032
11033
11035
11042
11055
11064
11065
11067
11068
11073
11075
11076
11077
11079
11080
11081
11082
11084
11087
11090
11092
11093
11094
11095
11098
11099
11103
11106
11108
11111
11118
11119
11120
11121
11122
11123
11124
11125
11128
11130
11131
11138
11150
11164
11181
11182
11187
11193
11203
11205
11206
11208
11211
11212
11218
11225
11231
11236
11239
11241
11242
11243
11245
11246
11248
11250
11253
11254
11255
11256
11261
11262
11264
11265
11278
11296
11297
11298
11299
11300
11304
11305
11306
11318
11321
11329
11334
11336
11337
11341
11346
11348
11349
11350
11358
11360
11361
11368
11370
11371
11373
11376
11379
11380
11382
11389
11390
11396
11399
11405
11408
11410
11414
11415
11418
11419
11424
11428
11431
11433
11437
11444
11445
11446
11447
11449
11451
11452
11454
11455
11461
11464
11466
11467
11476
11477
11479
11482
11493
11494
11495
11496
11497
11501
11502
11503
11504
11508
11512
11513
11514
11516
11517
11518
11520
11521
11522
11524
11527
11528
11529
11532
11533
11534
11538
11539
11547
11548
11550
11551
11553
11556
11557
11558
11560
11564
11567
11568
11573
11574
11575
11576
11579
11581
11582
11583
11584
11585
11586
11587
11589
11592
11594
11595
11596
11601
11604
11607
11613
