3
154
359
360
383
384
399
400
412
416
425
432
440
444
445
448
449
450
452
455
456
457
458
460
462
463
464
542
569
642
709
816
826
829
895
896
899
901
902
906
907
908
912
913
914
918
919
922
923
926
931
933
937
938
947
948
949
953
954
958
959
961
966
968
969
970
971
972
974
975
976
978
986
987
988
990
991
993
997
1000
1001
1002
1003
1004
1005
1008
1010
1013
1015
1019
1022
1023
1024
1025
1029
1033
1034
1035
1036
1038
1040
1042
1044
1045
1047
1050
1052
1053
1054
1058
1061
1062
1063
1064
1069
1071
1073
1075
1077
1081
1092
1093
1094
1096
1098
1099
1136
1154
1161
1162
1163
1164
1173
1296
1297
1382
1388
1395
1397
1398
1399
1420
1421
1422
1431
1433
1438
1449
1460
1463
1470
1472
1475
1479
1481
1483
1484
1485
1487
1488
1493
1494
1495
1496
1498
1499
1500
1505
1506
1512
1519
1520
1536
1538
1539
1540
1541
1557
1558
1559
1560
1562
1563
1566
1585
1586
1587
1588
1589
1591
1592
1593
1594
1595
1596
1597
1599
1600
1601
1602
1603
1604
1606
1607
1608
1609
1610
1611
1613
1614
1615
1616
1617
1618
1619
1620
1621
1624
1626
1627
1630
1631
1632
1633
1635
1636
1638
1641
1643
1644
1645
1646
1647
1648
1650
1651
1652
1653
1654
1657
1658
1661
1662
1666
1667
1668
1669
1671
1672
1673
1674
1675
1676
1677
1678
1679
1684
1685
1687
1688
1689
1691
1692
1693
1694
1695
1696
1845
1856
1858
1861
1862
1864
1878
1879
1885
1887
1900
1913
1914
1915
1917
1918
1920
1921
1922
1923
1931
1932
1933
1934
1935
1939
1944
1945
1973
1974
1975
1976
1977
2041
2079
2083
2130
2134
2149
2256
2260
2299
2308
2311
2315
2367
2380
2381
2387
2389
2456
2458
2460
2461
2483
2484
2497
2538
2540
2541
2543
2572
2589
2590
2591
2604
2606
2610
2614
2615
2624
2650
2654
2655
2656
2661
2662
2663
2664
2665
2666
2667
2668
2669
2670
2671
2672
2673
2674
2675
2676
2677
2678
2679
2680
2681
2682
2683
2684
2685
2686
2687
2688
2691
2692
2693
2694
2695
2696
2697
2698
2699
2700
2701
2702
2703
2704
2705
2706
2707
2708
2709
2710
2711
2712
2713
2714
2715
2716
2717
2718
2719
2720
2721
2722
2723
2724
2725
2726
2727
2728
2729
2730
2731
2732
2733
2734
2735
2736
2737
2738
2739
2740
2741
2742
2743
2744
2745
2746
2747
2748
2749
2750
2751
2752
2755
2756
2757
2758
2759
2760
2761
2762
2763
2764
2765
2766
2767
2768
2769
2770
2771
2772
2773
2774
2775
2776
2777
2778
2779
2780
2781
2785
2786
2787
2788
2789
2790
2791
2792
2793
2794
2795
2796
2797
2798
2799
2800
2801
2802
2803
2828
2912
2944
2955
3049
3051
3053
3203
3342
3380
3383
3405
3460
3465
3467
3561
3604
3801
3842
3869
3937
3988
4004
4072
4073
4088
4089
4090
4091
4092
4094
4095
4100
4101
4116
4120
4124
4248
4249
4250
4251
4252
4253
4254
4255
4256
4257
4259
4294
4397
4410
4436
4465
4468
4469
4473
4474
4477
4479
4480
4482
4483
4484
4485
4486
4489
4491
4497
4499
4501
4507
4521
4522
4523
4524
4526
4593
4659
4661
4662
4663
4664
4668
4671
4672
4678
4694
4698
4700
4703
4706
4714
4715
4717
4721
4724
4727
4730
4731
4738
4739
4740
4743
4750
4754
4757
4763
4779
4785
4802
4905
4912
4951
5071
5146
5148
5149
5192
5195
5251
5315
5362
5363
5447
5459
5465
5482
5543
5606
5633
5684
5685
5699
5700
5701
5702
5703
5705
5706
5711
5712
