18
19
21
23
24
25
31
35
55
58
59
78
122
126
189
242
339
341
343
346
363
376
381
383
395
400
401
422
429
437
438
445
446
451
494
560
567
570
571
575
579
588
631
634
647
687
717
823
846
848
853
854
857
858
859
868
871
893
894
915
925
930
940
968
971
1007
1019
1020
1021
1023
1024
1037
1040
1041
1043
1049
1056
1063
1064
1068
1077
1079
1084
1086
1094
1095
1096
1097
1123
1124
1125
1126
1127
1250
1253
1273
1274
1284
1286
1290
1291
1299
1320
1322
1348
1349
1365
1429
1432
1441
1463
1467
1472
1493
1498
1503
1509
1512
1561
1582
1586
1588
1601
1643
1646
1658
1672
1679
1683
1689
1690
1695
1706
1710
1712
1714
1723
1725
1729
1732
1735
1743
1744
1751
1753
1761
1764
1778
1779
1828
1848
1869
1890
1891
1892
1899
1900
1901
1905
1907
1909
1952
1954
1972
1983
1994
2006
2008
2009
2018
2027
2030
2058
2068
2070
2087
2107
2109
2110
2116
2118
2120
2121
2126
2129
2138
2153
2160
2161
2162
2163
2165
2172
2173
2174
2176
2177
2178
2181
2183
2184
2185
2186
2190
2191
2200
2202
2203
2204
2207
2210
2213
2216
2234
2241
2272
2284
2285
2335
2343
2383
2410
2442
2443
2450
2458
2475
2482
2483
2522
2526
2584
2592
2599
2615
2620
2623
2627
2634
2679
2680
2697
2704
2715
2731
2744
2793
2797
2810
2820
2840
2848
2850
2877
2891
2892
2905
2906
2911
2922
2958
2963
2969
2986
3040
3057
3063
3076
3118
3156
3168
3173
3174
3194
3196
3197
3206
3221
3299
3334
3370
3373
3380
3385
3408
3421
3505
3521
3633
3649
3678
3721
3727
3839
3887
3888
3902
3903
3986
3987
3989
3991
3992
3993
4001
4033
4036
4044
4077
4078
4121
4123
4125
4154
4183
4186
4209
4220
4221
4251
4260
4364
4374
4376
4378
4427
4437
4528
4542
4569
4573
4574
4575
4585
4588
4591
4602
4603
4611
4612
4613
4646
4697
4698
4702
4704
4705
4706
4708
4709
4710
4713
4718
4727
4728
4748
4817
4847
4848
4850
4858
4879
4889
4911
4940
4941
4942
4958
4970
4973
4974
4975
4977
4978
5013
5019
5023
5073
5123
5126
5250
5255
5258
5266
5277
5283
5288
5295
5297
5304
5305
5310
5361
5364
5365
5367
5370
5371
5373
5375
5376
5405
5451
5615
5616
5818
5837
5838
5845
5849
5857
5860
5863
5864
5871
5875
5898
5899
5900
5912
5914
5916
5920
5927
5929
5930
5931
5932
5940
5945
5953
5964
5982
5990
5993
5998
6004
6020
6033
6037
6050
6083
6084
6091
6150
6163
6164
6165
6166
6187
6197
6198
6199
6200
6203
6206
6210
6214
6215
6220
6226
6228
6229
6230
6231
6232
6233
6234
6235
6236
6245
6255
6258
6260
6263
6279
6291
6295
6319
6368
6369
6371
6373
6374
6381
6386
6387
6389
6393
6396
6402
6409
6414
6416
6417
6421
6425
6426
6427
6428
6429
6431
6438
6445
6446
6449
6453
6454
6504
6515
6516
6523
6542
6578
6593
6637
6643
6646
6721
6725
6738
6741
6754
6759
6764
6773
6774
6787
6812
6820
6936
6939
6943
6952
6966
6969
6970
6975
6979
6987
7029
7085
7086
7092
7093
7094
7098
7100
7102
7145
7147
7169
7180
7202
7206
7207
7209
7224
7230
7238
7260
7270
7295
7311
7312
7318
7320
7323
7325
7329
7334
7335
7336
7387
7398
7399
7406
7426
7461
7476
7520
7526
7529
7599
7601
7606
7612
7613
7622
7631
