2
6
7
12
13
15
17
19
21
22
23
24
25
29
30
31
33
95
97
98
99
100
101
102
115
194
201
213
291
300
310
313
314
330
331
333
335
337
338
339
346
349
355
357
358
361
362
369
372
377
383
386
387
388
389
391
395
396
397
398
400
401
402
403
404
405
407
409
410
411
412
413
416
417
419
421
423
425
428
429
430
431
435
437
439
441
443
444
447
457
463
471
473
474
476
477
480
482
483
484
485
496
497
498
499
500
501
502
503
504
505
506
507
509
510
512
513
514
515
516
517
518
519
520
521
522
523
524
525
526
527
528
529
532
533
534
536
537
540
542
543
544
545
546
547
548
549
550
551
552
553
554
555
556
557
558
559
560
561
563
566
567
568
569
570
572
573
574
576
577
578
580
581
582
583
584
585
586
587
590
591
592
593
594
595
596
597
598
599
600
601
602
603
605
606
609
610
611
612
613
614
615
616
617
618
619
620
621
623
624
625
627
628
631
632
633
634
635
636
637
638
639
640
642
643
644
645
646
647
648
649
650
651
652
654
655
656
657
658
659
660
661
662
664
666
667
668
669
670
671
672
673
674
675
676
677
678
679
680
682
683
684
685
686
688
690
692
695
696
697
698
699
700
701
702
703
705
706
707
709
710
711
712
713
714
715
717
719
724
725
726
727
728
729
730
731
732
733
734
735
736
737
738
739
740
741
742
745
746
747
749
750
751
752
753
754
755
756
761
762
763
764
769
772
778
779
781
782
783
787
788
789
790
792
793
794
795
796
797
798
799
800
801
802
803
804
805
806
807
808
809
810
811
812
813
814
816
817
818
819
820
821
822
823
824
825
826
827
828
829
830
831
833
834
835
836
837
845
846
847
848
850
851
857
860
861
863
864
874
875
876
877
1022
1023
1024
1025
1026
1027
1028
1029
1030
1031
1032
1033
1034
1035
1036
1037
1038
1039
1040
1041
1042
1043
1044
1045
1046
1047
1048
1049
1050
1051
1052
1053
1054
1056
1057
1058
1059
1060
1061
1062
1063
1064
1065
1066
1067
1068
1069
1070
1071
1072
1073
1074
1075
1076
1077
1078
1079
1080
1081
1082
1083
1084
1085
1086
1087
1088
1089
1090
1091
1126
1135
1136
1138
1139
1140
1143
1144
1145
1147
1159
1160
1167
1168
1169
1170
1171
1172
1173
1174
1175
1176
1177
1178
1179
1180
1181
1183
1186
1187
1189
1190
1191
1192
1193
1195
1196
1197
1198
1199
1200
1201
1202
1203
1204
1205
1208
1211
1212
1214
1215
1218
1220
1221
1222
1224
1226
1227
1230
1232
1236
1237
1238
1240
1241
1242
1243
1247
1248
1249
1250
1251
1252
1253
1254
1255
1257
1265
1266
1277
1280
1281
1284
1285
1297
1302
1304
1305
1306
1311
1319
1320
1321
1329
1330
1331
1333
1335
1339
1343
1344
1345
1346
1347
1348
1349
1352
1353
1354
1355
1358
1364
1365
1366
1367
1368
1369
1370
1371
1372
1374
1376
1378
1379
1380
1382
1383
1385
1394
1402
1403
1404
1405
1406
1407
1408
1409
1430
1431
1433
1434
1435
1439
1454
1455
1456
1457
1458
1460
1462
1465
1470
1478
1480
1482
1483
1485
1486
1487
1488
1496
1498
1500
1501
1502
1503
1504
1505
1506
1507
1508
1509
1510
1511
1512
1513
1514
1515
1516
1517
1518
1519
1520
1521
1523
1525
1526
1528
1529
1530
1531
1535
1536
1538
1541
1542
1543
1544
1545
1546
1547
1549
1550
1551
1552
1553
1555
1556
1557
1558
1568
1579
1601
1602
1603
1604
1625
1627
1639
1643
1646
1649
1663
1671
1716
1745
1936
1984
1985
1986
1987
1988
1989
1990
1991
1993
1994
1995
1997
1998
1999
2000
2001
2002
2003
2004
2005
2006
2007
2008
2009
2010
2011
2012
2013
2014
2015
2016
2017
2018
2020
2021
2022
2023
2024
2025
2027
2029
2032
2034
2037
2038
2040
2045
2048
2049
2050
2051
2052
2053
2061
2065
2067
2070
2071
2072
2073
2075
2076
2082
2083
2084
2085
2086
2089
2090
2091
2092
2093
2094
2095
2096
2099
2100
2101
2102
2103
2104
2105
2106
2107
2108
2109
2111
2112
2113
2114
2122
2126
2127
2153
2154
2155
2158
2161
2162
2163
2164
2167
2169
2170
2172
2173
2176
2210
2211
2212
2225
2226
2231
2232
2233
2249
2250
2256
2257
2258
2260
2281
2299
2302
2307
2310
2312
2314
2327
2338
2352
2354
2386
2416
2417
2418
2419
2424
2426
2430
2433
2434
2439
2440
2442
2443
2444
2445
2449
2450
2452
2453
2454
2461
2463
2464
2469
2472
2473
2475
2479
2480
2481
2482
2484
2486
2488
2489
2491
2492
2495
2496
2497
2501
2503
2504
2505
2507
2508
2517
2518
2527
2532
2535
2536
2537
2538
2539
2540
2541
2542
2543
2544
2547
2548
2550
2551
2552
2554
2557
2558
2560
2561
2563
2564
2569
2571
2574
2580
2595
2596
2598
2599
2611
2638
2639
2640
2647
2648
2649
2650
2653
2654
2657
2658
2660
2661
2668
2719
2720
2721
2759
2760
2761
2764
2769
2770
2772
2774
2776
2796
2804
2849
2874
2876
2907
2938
2939
2940
2941
2946
2948
2951
2954
2955
3147
3270
3280
3293
3296
3297
3459
3537
3544
3559
3565
3567
3587
3588
3590
3595
3608
3609
3610
3611
3615
3618
3627
