12
17
29
30
31
33
97
98
99
100
101
102
194
300
313
314
337
338
346
369
482
483
484
485
496
577
756
787
807
813
821
1022
1023
1024
1025
1026
1027
1028
1029
1030
1031
1032
1033
1034
1035
1036
1037
1038
1039
1040
1041
1042
1043
1044
1045
1046
1047
1048
1049
1050
1051
1052
1053
1054
1056
1057
1058
1059
1060
1061
1062
1063
1064
1065
1066
1067
1068
1069
1070
1071
1072
1073
1074
1075
1076
1077
1078
1079
1080
1081
1082
1083
1084
1085
1086
1087
1088
1089
1090
1091
1126
1138
1139
1140
1143
1144
1145
1147
1167
1168
1169
1170
1171
1172
1173
1174
1175
1176
1177
1178
1179
1180
1181
1183
1186
1187
1189
1190
1191
1192
1193
1195
1196
1197
1198
1199
1200
1201
1202
1203
1204
1205
1208
1211
1212
1214
1215
1218
1220
1221
1222
1224
1226
1227
1230
1237
1238
1240
1242
1243
1249
1254
1255
1257
1266
1277
1280
1281
1284
1285
1302
1311
1319
1320
1321
1329
1330
1331
1333
1335
1339
1346
1347
1348
1349
1352
1353
1354
1355
1358
1364
1365
1366
1367
1368
1369
1370
1371
1372
1374
1376
1378
1379
1380
1382
1383
1385
1394
1402
1403
1404
1405
1406
1407
1408
1409
1430
1431
1433
1435
1454
1455
1456
1457
1460
1462
1465
1478
1480
1482
1483
1485
1486
1487
1488
1496
1498
1500
1501
1502
1503
1504
1505
1506
1507
1508
1509
1510
1511
1512
1513
1514
1515
1516
1517
1518
1519
1520
1521
1523
1525
1526
1528
1529
1530
1531
1535
1536
1538
1541
1542
1543
1544
1545
1546
1547
1549
1550
1551
1552
1553
1555
1556
1557
1558
1568
1579
1604
1639
1643
1646
1649
1745
1984
1985
1986
1987
1988
1989
1990
1991
1993
1994
1995
1997
1998
1999
2000
2001
2002
2003
2004
2005
2006
2007
2008
2009
2010
2011
2012
2013
2014
2015
2016
2017
2018
2020
2021
2022
2023
2024
2025
2027
2029
2032
2034
2037
2038
2040
2082
2083
2084
2085
2086
2089
2090
2091
2092
2093
2094
2095
2096
2099
2100
2101
2102
2103
2104
2105
2106
2107
2108
2109
2111
2112
2113
2114
2122
2126
2127
2162
2172
2176
2210
2211
2212
2231
2232
2233
2256
2257
2258
2260
2281
2299
2302
2352
2354
2386
2416
2417
2418
2419
2424
2426
2430
2433
2434
2439
2440
2442
2443
2444
2445
2481
2484
2497
2501
2527
2537
2569
2596
2611
2649
2650
2653
2654
2657
2658
2660
2661
2759
2760
2761
2769
2770
2772
2774
2776
2874
2876
2907
2938
2939
2940
2941
2946
2948
2951
2954
2955
3280
3296
3297
3537
3565
3567
3587
3588
3608
3609
3610
3611
3615
3618
