34
35
36
39
44
53
57
85
91
105
133
144
145
169
204
206
229
232
234
242
250
275
316
319
345
385
415
422
429
434
441
444
458
477
478
481
483
494
496
497
499
500
501
502
503
505
507
509
510
514
515
516
518
528
529
534
535
542
544
547
552
553
554
555
558
559
571
573
575
576
578
581
583
584
585
586
589
590
591
592
594
598
599
608
623
625
637
638
643
644
645
653
672
673
674
675
676
677
681
686
687
690
700
704
705
707
710
716
718
728
754
761
764
765
767
790
797
807
808
809
812
813
817
827
838
876
885
888
889
896
928
929
943
945
953
967
969
989
991
1026
1064
1066
1067
1101
1136
1137
1138
1141
1147
1160
1167
1174
1178
1208
1227
1230
1247
1249
1250
1251
1252
1261
1271
1281
1284
1288
1289
1290
1305
1331
1333
1345
1349
1350
1354
1355
1377
1378
1380
1381
1383
1384
1385
1392
1394
1409
1410
1416
1423
1428
1443
1445
1454
1455
1459
1471
1472
1473
1482
1489
1491
1513
1530
1556
1569
1573
1584
1597
1598
1608
1612
1621
1660
1664
1683
1689
1698
1718
1749
1750
1758
1811
1831
1833
1875
1878
1913
1914
1915
1918
1920
1924
1926
1935
1938
1939
1977
1988
1989
1993
1994
1995
1996
1998
1999
2004
2007
2008
2010
2017
2018
2026
2032
2041
2042
2046
2051
2053
2055
2058
2060
2061
2064
2071
2072
2074
2076
2078
2079
2081
2082
2085
2089
2092
2094
2095
2098
2103
2104
2105
2106
2109
2121
2122
2123
2124
2125
2129
2130
2132
2135
2136
2140
2141
2142
2144
2145
2146
2148
2149
2150
2152
2155
2156
2159
2160
2165
2166
2174
2175
2177
2178
2181
2184
2185
2186
2188
2192
2194
2195
2196
2199
2200
2202
2203
2205
2206
2209
2210
2211
2212
2213
2214
2215
2216
2217
2218
2219
2222
2224
2225
2226
2227
2232
2235
2238
2239
2240
2244
2259
2260
2264
2278
2279
2296
2308
2314
2337
2343
2412
2453
2488
2506
2512
2526
2535
2536
2541
2542
2543
2544
2545
2546
2549
2550
2551
2554
2556
2557
2558
2560
2561
2567
2572
2573
2574
2575
2576
2577
2580
2581
2582
2584
2587
2588
2589
2590
2592
2593
2594
2595
2597
2598
2599
2601
2602
2604
2614
2615
2616
2617
2619
2620
2621
2622
2625
2626
2628
2630
2631
2632
2633
2634
2658
2694
2728
2801
2824
2828
2829
2850
2863
2885
2887
2894
2901
2917
2919
2925
2929
2935
2936
2937
2949
2974
2977
2983
2993
2995
2996
2998
2999
3000
3001
3002
3015
3024
3036
3037
3052
3135
3136
3141
3180
3188
3262
3342
3344
3359
3360
3367
3373
3406
3407
3409
3412
3460
3491
3492
3526
3532
3540
3603
3606
3614
3615
3616
3617
3618
3619
3620
3621
3622
3624
3627
3628
3635
3637
3638
3647
3648
3650
3659
3663
3669
3674
3676
3677
3684
3686
3715
3722
3729
3733
3738
3743
3763
3769
3782
3790
4335
4448
4794
4899
4915
5084
5694
5696
5701
5706
5711
5712
5715
5716
5717
5718
5719
5720
5723
5725
5730
5731
5734
5736
5738
5740
5746
5749
5750
5751
5765
5769
5771
5778
5779
5780
5781
5789
5790
5791
5796
5797
5798
5799
5801
5804
5806
5807
5809
5815
5822
5823
5828
5841
5862
5863
5873
5877
5878
5883
5887
5891
5896
5908
5914
5923
5929
5959
5967
5970
5993
5994
5995
5996
5999
6000
6001
6003
6004
6008
6016
6017
6018
6019
6020
6023
6024
6036
6038
6042
6043
6045
6047
6052
6053
6056
6058
6061
6062
6063
6064
6066
6073
6077
6078
6080
6081
6085
6091
6092
6093
6098
6100
6101
6102
6104
6108
6109
6110
6111
6112
6116
6118
6119
6123
6124
6130
6131
6134
6137
6139
6140
6141
6144
6145
6146
6147
6149
6153
6163
6165
6183
6185
6188
6189
6191
6196
6197
6199
6200
6204
6205
6206
6209
6210
6212
6214
6215
6224
6227
6229
6232
6236
6237
6241
6242
6244
6246
6248
6249
6250
6251
6266
6270
6275
6279
6280
6285
6303
6304
6312
6323
6324
6334
6335
6336
6337
6340
6342
6343
6347
6351
6353
6354
6356
6357
6358
6360
6361
6362
6363
6364
6365
6366
6368
6371
6372
6376
6377
6380
6385
6394
6395
6397
6399
6401
6402
6405
6407
6411
6412
6413
6414
6415
6418
6419
6420
6423
6424
6425
6428
6429
6434
6436
6440
6443
6444
6448
6449
6451
6452
6453
6454
6455
6456
6457
6458
6459
6465
6466
6467
6468
6473
6475
6478
6480
6481
6483
6493
6497
6500
6507
6508
6509
6510
6513
6518
6519
6520
6522
6525
6529
6531
6532
6533
6534
6535
6536
6537
6539
6542
6543
6544
6545
6547
6548
6551
6552
6557
6566
6567
6568
6570
6582
6589
6590
6591
6592
6593
6594
6595
6598
6601
6602
6603
6605
6611
6612
6613
6614
6616
6621
6625
6626
6627
6628
6629
6631
6632
6633
6634
6635
6636
6637
6639
6643
6644
6647
6650
6652
6655
6658
6659
6660
6661
6662
6663
6664
6665
6669
6670
6676
6680
6681
6683
6688
6690
6703
6704
6705
6706
6708
6710
6711
6712
6713
6714
6715
6716
6717
6719
6720
6721
6722
6723
6724
6739
6744
6745
6746
6748
6759
6793
6801
6814
6815
6816
6830
6836
6839
6841
6854
6858
6892
6893
6894
6897
6900
6904
6908
6909
6910
6914
6919
6920
6923
6927
6929
6931
6937
6942
6943
6944
6945
6947
6953
6954
6955
6956
6957
6959
6977
6979
6983
6988
6990
6993
6994
6996
7001
7005
7011
7012
7018
7021
7022
7024
7026
7027
7029
7030
7032
7033
7034
7035
7036
7037
7039
7059
7072
7079
7083
7086
7090
7093
7096
7107
7108
7118
7120
7123
7133
7141
7144
7146
7148
7152
7153
7159
7162
7166
7167
7172
7173
7182
7183
7184
7185
7186
7187
7188
7192
7196
7197
7199
7215
7226
7233
7239
7240
7289
7298
7319
7325
7330
7332
7336
7337
7339
7365
7395
7439
7441
7480
7481
7483
7486
7488
7490
7491
7494
7496
7498
7507
7531
7532
7533
7534
7535
7537
7541
7546
7547
7549
7555
7561
7564
7565
7571
7577
7585
7598
7599
7604
7609
7619
7623
7624
7626
7629
7633
7640
7656
7676
7700
7701
7702
7704
7705
7708
7723
7735
7737
7738
7741
7742
7743
7744
7746
7750
7751
7753
7757
7761
7762
7768
7775
7779
7780
7783
7788
7793
7794
7795
7797
7798
7803
7804
7806
7810
7813
7816
7818
7819
7822
7829
7835
7837
7838
7842
7843
7844
7845
7847
7849
7850
7851
7855
7856
7857
7859
7860
7862
7864
7865
7866
7869
7870
7872
7874
7875
7877
7878
7879
7882
7883
7885
7886
7889
7890
7893
7895
7896
7897
7898
7899
7970
7971
7972
7976
7979
7980
7983
7984
7985
7990
7992
7993
7996
8002
8004
8005
8006
8007
8008
8017
8018
8021
8022
8029
8030
8037
8040
8042
8054
8055
8058
8060
8062
8065
8072
8073
8074
8076
8080
8082
8087
8088
8089
8090
8094
8095
8098
8099
8103
8104
8105
8110
8112
8117
8123
8124
8125
8130
8131
8133
8135
8136
8137
8140
8141
8142
8146
8147
8148
8149
8151
8152
8158
8159
8160
8161
8162
8167
8169
8172
8173
8176
8177
8181
8183
8184
8186
8187
8193
8194
8195
8198
8200
8202
8208
8216
8217
8223
8227
8232
8234
8238
8239
8240
8242
8244
8248
8249
8252
8253
8255
8256
8268
8269
8276
8277
8280
8281
8284
8285
8287
8292
8294
8301
8307
8308
8314
8316
8343
8346
8348
8349
8356
8368
8369
8370
8372
8375
8376
8377
8378
8379
8383
8386
8387
8391
8394
8401
8402
8410
8429
8462
8524
8541
8542
8551
8560
8561
8565
8569
8573
8574
8575
8578
8584
8586
8588
8590
8593
8596
8597
8600
8601
8604
8607
8608
8611
8616
8617
8618
8624
8625
8626
8627
8628
8630
8632
8633
8638
8640
8641
8642
8643
8644
8648
8650
8652
8653
8654
8655
8656
8662
8663
8667
8670
8673
8680
8682
8683
8684
8685
8687
8689
8690
8691
8695
8696
8697
8698
8699
8700
8701
8708
8712
8716
8717
8718
8720
8721
8723
8725
8726
8728
8729
8730
8734
8739
8740
8749
8751
8756
8759
8760
8761
8762
8763
8768
8769
8771
8773
8774
8775
8782
8783
8784
8785
8788
8789
8793
8803
8804
8807
8816
8817
8824
8827
8828
8830
8831
8838
8849
8850
8851
8852
8853
8854
8859
8860
8861
8862
8864
8875
8880
8881
8882
8889
8893
8898
8899
8900
8908
8930
8931
8935
8936
8943
8952
8972
8979
8996
9006
9007
9027
9052
9058
9060
9080
9113
9114
9147
9148
9156
9171
9182
9189
9199
9211
9216
9222
9226
9248
9266
9274
9276
9303
9319
9321
9322
9323
9324
9327
9329
9330
9341
9345
9364
9367
9384
9390
9397
9398
9399
9414
9415
9419
9420
9425
9427
9432
9436
9445
9452
9455
9459
9460
9461
9462
9464
9468
9469
9479
9485
9486
9487
9488
9515
9518
9526
9527
9532
9533
9538
9540
9559
9561
9562
9565
9566
9568
9571
9573
9577
9580
9581
9583
9601
9604
9606
9608
9610
9631
9632
9634
9637
9638
9655
9661
9662
9663
9667
9668
9677
9682
9692
9699
9700
9713
9723
9737
9754
9763
9775
9785
9847
9851
9857
9870
9873
9879
9880
9884
9885
9906
9921
9926
9927
9942
10025
10039
10041
10062
10064
10099
10138
10140
10141
10147
10176
10211
10212
10216
10221
10235
10243
10250
10254
10284
10291
10303
10306
10319
10320
10321
10408
10430
10447
10459
10460
10486
10524
10532
10605
10650
10684
10686
10688
10703
10704
10711
10717
10743
10749
10750
10752
10755
10800
10834
10835
10874
10876
10881
10885
10894
10902
10905
10909
10910
10911
10912
10914
10918
10919
10928
10934
10935
10936
10963
10967
10975
10976
10981
10982
10987
10989
11008
11010
11011
11014
11015
11017
11020
11022
11026
11029
11030
11032
11050
11053
11055
11064
11065
11067
11068
11073
11075
11076
11077
11079
11080
11081
11082
11084
11087
11090
11092
11093
11094
11095
11098
11099
11106
11118
11119
11120
11121
11122
11123
11124
11125
11128
11130
11131
11182
11187
11193
11203
11205
11206
11208
11211
11212
11218
11220
11225
11231
11235
11239
11241
11242
11243
11245
11246
11248
11249
11250
11253
11254
11255
11256
11261
11262
11264
11265
11266
11278
11296
11297
11298
11299
11300
11304
11305
11306
11312
11318
11321
11329
11334
11336
11341
11346
11349
11350
11360
11361
11365
11366
11367
11368
11370
11371
11376
11379
11380
11382
11389
11390
11396
11399
11405
11414
11415
11419
11424
11426
11428
11431
11433
11434
11437
11444
11445
11447
11449
11451
11452
11454
11455
11461
11464
11466
11467
11470
11475
11476
11477
11478
11479
11482
11493
11494
11495
11496
11497
11501
11502
11504
11507
11508
11512
11513
11514
11516
11517
11518
11520
11521
11522
11524
11527
11528
11532
11533
11534
11538
11539
11547
11548
11550
11551
11554
11556
11557
11558
11560
11564
11566
11567
11568
11571
11573
11574
11576
11577
11578
11581
11582
11583
11584
11585
11586
11587
11588
11589
11592
11594
11595
11596
11597
11599
11601
11604
11607
11608
11609
11613
