0
1
3
4
5
7
9
11
12
13
15
18
21
22
23
24
25
27
32
38
40
41
47
49
51
52
54
55
56
59
60
62
63
64
67
68
69
70
71
72
77
78
79
80
81
82
83
84
86
87
89
90
92
93
94
95
96
97
100
101
102
103
104
106
108
110
112
113
114
115
116
118
119
121
122
124
125
126
129
130
131
132
134
135
138
139
140
142
146
147
148
149
151
153
157
158
159
160
163
164
165
166
168
170
171
172
173
174
175
176
177
178
179
180
183
185
187
190
191
197
205
207
208
210
211
213
215
219
220
221
223
224
225
226
227
228
230
231
235
236
238
240
243
244
245
246
248
249
251
253
256
257
258
259
260
261
262
264
267
268
269
274
276
277
278
281
283
284
286
288
289
290
291
295
296
297
298
299
300
301
304
305
306
309
310
311
312
313
314
315
317
318
320
321
322
325
326
327
328
329
332
333
334
335
336
337
338
339
340
341
342
343
344
346
347
348
349
350
352
353
355
356
357
358
359
360
361
362
363
364
365
366
367
372
373
374
375
376
383
417
418
424
425
427
430
433
436
439
445
446
447
448
451
452
455
464
466
471
472
475
486
487
506
526
531
574
688
692
693
694
696
712
714
723
725
738
742
745
746
749
751
752
755
756
757
759
773
775
776
779
780
781
783
784
786
787
788
792
795
796
799
800
805
806
811
814
815
816
818
821
822
825
828
830
831
832
836
837
839
840
842
844
845
846
847
848
849
854
856
858
859
862
863
864
865
869
870
871
874
875
878
879
880
881
890
891
894
897
907
909
910
912
915
916
918
920
925
926
930
932
935
937
939
941
942
960
961
963
965
971
972
973
974
975
976
978
979
980
981
990
993
994
996
997
998
1001
1002
1003
1004
1012
1013
1015
1016
1017
1019
1020
1021
1022
1025
1028
1029
1030
1031
1032
1033
1034
1036
1037
1038
1040
1044
1046
1047
1048
1049
1050
1051
1053
1054
1056
1057
1063
1070
1072
1073
1074
1078
1079
1081
1082
1083
1087
1093
1098
1103
1104
1105
1106
1107
1108
1109
1110
1112
1113
1119
1120
1125
1126
1127
1128
1129
1130
1131
1132
1133
1135
1143
1144
1145
1150
1151
1159
1162
1175
1176
1180
1183
1185
1192
1194
1195
1196
1200
1207
1209
1211
1219
1222
1226
1229
1231
1242
1245
1248
1253
1254
1260
1262
1265
1273
1274
1275
1276
1280
1295
1296
1298
1302
1304
1308
1311
1315
1332
1334
1339
1346
1348
1351
1352
1353
1360
1361
1362
1363
1364
1365
1366
1367
1368
1370
1376
1382
1386
1387
1388
1389
1393
1395
1396
1397
1398
1399
1401
1402
1404
1405
1406
1408
1411
1413
1414
1415
1417
1419
1420
1424
1425
1427
1429
1430
1431
1432
1433
1434
1435
1436
1438
1439
1440
1441
1442
1448
1449
1450
1451
1453
1456
1457
1458
1461
1462
1463
1466
1468
1469
1470
1474
1476
1477
1480
1481
1484
1485
1487
1490
1492
1494
1495
1503
1504
1506
1508
1512
1514
1515
1517
1519
1522
1523
1526
1529
1531
1534
1535
1539
1541
1542
1546
1547
1550
1551
1552
1554
1557
1559
1565
1566
1567
1570
1571
1574
1575
1576
1577
1579
1580
1581
1583
1585
1586
1587
1588
1590
1592
1596
1600
1605
1607
1610
1611
1613
1617
1618
1623
1624
1633
1634
1640
1641
1643
1644
1645
1651
1652
1663
1671
1680
1682
1686
1687
1688
1690
1693
1694
1696
1697
1699
1700
1702
1704
1705
1706
1710
1711
1712
1713
1714
1716
1717
1720
1722
1724
1725
1727
1728
1730
1731
1732
1733
1735
1736
1738
1739
1740
1741
1744
1746
1747
1751
1753
1755
1756
1757
1759
1761
1762
1765
1766
1767
1770
1771
1773
1775
1776
1777
1778
1779
1781
1783
1787
1788
1791
1794
1795
1796
1799
1809
1812
1814
1815
1817
1819
1820
1821
1822
1823
1824
1825
1826
1827
1828
1829
1830
1832
1834
1835
1836
1837
1838
1839
1840
1841
1842
1843
1844
1845
1846
1847
1848
1849
1850
1851
1852
1853
1854
1855
1856
1857
1858
1859
1860
1861
1862
1863
1864
1865
1866
1867
1868
1869
1870
1871
1872
1873
1890
1893
1895
1899
1902
1905
1908
1909
1925
1927
1932
1956
1971
1972
1973
1979
1984
1992
2009
2024
2025
2027
2028
2029
2030
2031
2039
2050
2062
2063
2066
2067
2068
2069
2075
2077
2084
2086
2087
2091
2096
2099
2100
2101
2107
2108
2115
2120
2133
2134
2137
2147
2151
2182
2183
2191
2198
2221
2223
2233
2242
2243
2248
2249
2254
2255
2256
2257
2258
2261
2265
2266
2267
2268
2269
2271
2272
2280
2281
2282
2283
2285
2286
2288
2290
2291
2292
2293
2294
2295
2298
2299
2301
2302
2304
2305
2306
2307
2309
2310
2311
2312
2313
2315
2316
2317
2318
2319
2320
2321
2322
2323
2324
2325
2326
2327
2328
2329
2330
2331
2333
2334
2339
2341
2342
2346
2347
2350
2351
2353
2357
2358
2360
2364
2365
2366
2367
2370
2376
2378
2380
2381
2382
2383
2384
2386
2387
2388
2390
2391
2393
2395
2396
2398
2403
2404
2405
2406
2411
2413
2414
2415
2418
2420
2421
2422
2423
2424
2426
2428
2429
2432
2433
2435
2436
2437
2438
2439
2440
2441
2442
2444
2445
2448
2451
2452
2455
2456
2458
2459
2460
2461
2462
2463
2464
2465
2466
2467
2470
2471
2472
2473
2475
2476
2477
2478
2479
2480
2481
2482
2483
2484
2485
2486
2490
2491
2492
2493
2494
2495
2496
2500
2502
2503
2505
2508
2509
2510
2511
2514
2515
2516
2518
2520
2521
2522
2538
2540
2552
2553
2555
2559
2562
2563
2564
2566
2568
2569
2579
2610
2612
2613
2629
2638
2639
2640
2641
2642
2644
2645
2646
2647
2648
2649
2651
2652
2653
2655
2656
2657
2659
2660
2661
2662
2664
2665
2666
2668
2669
2670
2672
2673
2674
2676
2677
2678
2679
2680
2681
2683
2684
2685
2687
2688
2689
2690
2691
2693
2695
2696
2697
2698
2699
2700
2701
2704
2705
2706
2707
2708
2709
2710
2711
2712
2713
2714
2715
2716
2717
2718
2719
2721
2722
2723
2724
2725
2727
2729
2730
2732
2733
2734
2735
2736
2737
2738
2739
2740
2741
2742
2743
2744
2745
2746
2747
2748
2749
2750
2752
2756
2757
2758
2759
2760
2761
2762
2763
2765
2768
2769
2770
2771
2773
2774
2775
2776
2777
2778
2780
2781
2783
2784
2785
2786
2787
2788
2789
2791
2793
2794
2795
2796
2802
2803
2804
2805
2806
2807
2809
2810
2811
2812
2813
2814
2815
2816
2818
2821
2823
2826
2827
2832
2833
2836
2838
2839
2841
2842
2844
2845
2847
2848
2849
2851
2852
2855
2856
2858
2860
2864
2866
2868
2873
2874
2875
2877
2878
2879
2881
2907
2918
2920
2921
2923
2924
2930
2939
2942
2947
2950
2955
2958
2962
2963
2965
2971
2972
2973
2976
2978
2979
2980
2981
2982
2984
2987
2988
2989
2990
2992
2994
3003
3007
3009
3017
3018
3020
3022
3023
3025
3026
3027
3028
3029
3030
3038
3040
3041
3043
3047
3048
3050
3054
3055
3059
3060
3062
3064
3065
3068
3069
3071
3072
3073
3074
3077
3078
3080
3081
3082
3083
3084
3085
3086
3087
3088
3090
3091
3092
3093
3094
3095
3096
3097
3098
3099
3100
3101
3102
3103
3104
3105
3106
3107
3108
3109
3110
3111
3112
3113
3115
3116
3117
3118
3119
3120
3122
3123
3125
3126
3127
3130
3131
3133
3134
3137
3142
3144
3145
3147
3148
3149
3150
3151
3152
3153
3154
3155
3156
3157
3160
3162
3163
3165
3166
3167
3168
3169
3170
3171
3172
3174
3176
3177
3179
3182
3184
3186
3189
3191
3192
3193
3194
3196
3197
3198
3199
3201
3202
3203
3205
3207
3210
3211
3213
3216
3221
3222
3229
3231
3233
3234
3235
3238
3240
3241
3243
3244
3246
3252
3254
3256
3257
3258
3259
3261
3263
3264
3265
3267
3268
3271
3273
3274
3275
3276
3279
3280
3283
3292
3293
3294
3298
3299
3300
3304
3307
3308
3310
3311
3312
3314
3315
3317
3319
3320
3321
3322
3323
3326
3329
3330
3331
3333
3334
3335
3337
3338
3339
3340
3341
3343
3345
3346
3347
3348
3351
3352
3355
3358
3361
3362
3363
3364
3365
3366
3368
3370
3371
3372
3374
3375
3376
3380
3381
3388
3389
3391
3395
3398
3399
3400
3401
3403
3404
3408
3410
3413
3414
3416
3418
3420
3421
3423
3424
3425
3426
3428
3429
3430
3431
3432
3434
3436
3437
3440
3441
3444
3445
3446
3447
3450
3451
3453
3454
3456
3457
3458
3459
3462
3463
3464
3465
3468
3469
3470
3475
3477
3478
3479
3485
3486
3487
3490
3493
3495
3499
3502
3508
3509
3510
3513
3516
3517
3520
3527
3528
3529
3530
3531
3545
3546
3547
3548
3549
3550
3551
3552
3553
3554
3555
3556
3558
3560
3561
3562
3563
3575
3582
3584
3586
3590
3592
3594
3596
3597
3599
3600
3602
3607
3609
3612
3625
3633
3639
3641
3642
3643
3644
3657
3660
3661
3662
3666
3667
3668
3680
3682
3683
3685
3703
3704
3708
3719
3721
3731
3732
3734
3786
3791
3809
3813
3814
3826
3974
3975
3980
3998
4003
4009
4020
4026
4028
4034
4041
4062
4075
4081
4087
4103
4109
4115
4121
4122
4128
4134
4145
4151
4162
4173
4179
4200
4211
4229
4242
4247
4269
4274
4275
4284
4289
4298
4303
4304
4321
4377
4399
4404
4417
4423
4437
4442
4443
4482
4513
4536
4549
4562
4577
4582
4596
4606
4615
4621
4634
4644
4650
4655
4660
4665
4675
4688
4693
4707
4712
4718
4731
4736
4741
4751
4756
4757
4762
4767
4772
4781
4804
4813
4818
4823
4832
4842
4847
4852
4857
4867
4872
4900
4932
4937
4951
4956
4966
4976
4990
4995
5000
5015
5020
5026
5031
5036
5041
5046
5052
5061
5070
5078
5085
5090
5096
5102
5112
5117
5123
5128
5134
5143
5158
5164
5173
5179
5205
5216
5222
5230
5236
5237
5248
5254
5260
5297
5313
5320
5321
5334
5340
5346
5375
5393
5422
5453
5459
5475
5513
5519
5525
5531
5537
5554
5555
5582
5626
5632
5638
5644
5697
5702
5709
5721
5722
5724
5727
5758
5760
5761
5766
5773
5776
5777
5782
5794
5795
5808
5816
5818
5820
5821
5826
5832
5834
5835
5849
5855
5856
5857
5858
5859
5860
5861
5864
5866
5867
5868
5869
5870
5871
5872
5874
5875
5876
5879
5880
5881
5884
5888
5889
5890
5892
5893
5894
5895
5898
5899
5900
5901
5903
5904
5905
5906
5907
5910
5912
5913
5915
5916
5918
5919
5920
5921
5925
5927
5928
5931
5932
5935
5936
5937
5939
5940
5941
5942
5943
5944
5945
5946
5947
5948
5949
5950
5951
5952
5953
5954
5955
5956
5957
5958
5960
5963
5965
5968
5971
5972
5974
5975
5976
5977
5978
5979
5983
5984
5985
5987
5991
5992
5998
6009
6015
6025
6030
6046
6049
6054
6055
6059
6060
6067
6069
6070
6071
6074
6075
6079
6105
6106
6107
6114
6120
6136
6142
6143
6150
6151
6152
6168
6169
6170
6174
6175
6176
6181
6184
6190
6192
6194
6198
6228
6234
6240
6253
6255
6256
6260
6268
6283
6290
6308
6309
6310
6315
6316
6321
6326
6329
6330
6332
6339
6345
6346
6350
6355
6359
6370
6374
6375
6382
6386
6387
6388
6389
6391
6392
6398
6400
6403
6404
6406
6408
6410
6416
6417
6421
6422
6427
6430
6446
6447
6474
6485
6496
6503
6506
6511
6553
6560
6561
6565
6569
6572
6577
6578
6607
6618
6619
6630
6654
6666
6671
6685
6693
6694
6696
6698
6700
6727
6758
6764
6787
6788
6796
6803
6805
6810
6822
6824
6828
6829
6844
6849
6860
6861
6863
6864
6873
6874
6875
6876
6877
6878
6879
6880
6881
6882
6883
6884
6885
6887
6898
6899
6901
6906
6926
6941
6948
6950
6952
6966
6967
6976
6989
6992
6995
6998
6999
7009
7014
7015
7016
7017
7028
7041
7042
7045
7046
7050
7051
7052
7053
7054
7056
7057
7065
7067
7071
7073
7074
7075
7076
7077
7080
7082
7084
7088
7094
7095
7097
7099
7100
7105
7109
7111
7113
7116
7117
7119
7121
7122
7126
7127
7128
7134
7135
7137
7139
7150
7151
7154
7155
7157
7158
7165
7177
7178
7179
7180
7189
7190
7191
7194
7195
7222
7223
7224
7225
7236
7250
7271
7273
7276
7280
7283
7286
7288
7290
7300
7328
7347
7364
7366
7367
7368
7370
7371
7372
7373
7374
7375
7376
7377
7378
7379
7380
7382
7383
7384
7386
7387
7389
7391
7392
7393
7394
7396
7397
7398
7399
7400
7401
7402
7403
7404
7405
7406
7407
7408
7409
7410
7411
7412
7413
7414
7415
7416
7417
7418
7419
7420
7421
7422
7424
7425
7426
7427
7428
7429
7430
7431
7432
7433
7434
7435
7436
7437
7438
7440
7447
7448
7449
7450
7451
7452
7457
7458
7459
7465
7502
7513
7518
7519
7523
7524
7525
7526
7527
7529
7539
7550
7566
7570
7574
7575
7578
7579
7583
7584
7600
7605
7606
7608
7610
7611
7613
7614
7615
7616
7617
7622
7625
7627
7628
7630
7631
7632
7634
7635
7636
7637
7639
7643
7644
7645
7650
7651
7655
7659
7660
7661
7663
7664
7667
7671
7672
7673
7674
7675
7677
7678
7679
7680
7681
7682
7683
7684
7685
7686
7687
7688
7690
7691
7693
7695
7696
7697
7698
7699
7703
7706
7707
7713
7717
7718
7719
7720
7721
7722
7724
7726
7727
7729
7730
7731
7732
7734
7740
7749
7752
7755
7758
7763
7767
7769
7770
7772
7773
7774
7781
7782
7790
7791
7799
7800
7808
7809
7812
7815
7817
7824
7826
7827
7828
7840
7846
7854
7858
7863
7871
7876
7881
7884
7888
7891
7892
7902
7903
7908
7912
7933
7947
7974
7975
7978
7981
7986
7995
7997
7998
7999
8003
8009
8013
8014
8015
8024
8027
8031
8035
8036
8039
8049
8050
8067
8075
8084
8097
8100
8101
8107
8108
8114
8115
8126
8129
8134
8138
8139
8150
8157
8163
8166
8170
8174
8175
8178
8179
8180
8189
8190
8196
8201
8203
8210
8212
8214
8250
8251
8282
8286
8288
8289
8290
8310
8312
8313
8315
8317
8320
8324
8325
8329
8330
8331
8332
8333
8334
8335
8336
8337
8339
8340
8341
8344
8362
8366
8371
8374
8390
8396
8405
8411
8431
8432
8436
8437
8442
8443
8445
8453
8461
8464
8465
8482
8492
8498
8500
8511
8516
8525
8531
8538
8546
8547
8549
8550
8557
8562
8567
8594
8595
8602
8603
8615
8619
8620
8622
8623
8647
8664
8665
8671
8672
8686
8702
8703
8704
8705
8706
8707
8709
8710
8711
8722
8732
8733
8737
8753
8758
8764
8810
8812
8845
8870
8878
8883
8884
8901
8903
8909
8912
8914
8916
8918
8920
8922
8923
8924
8925
8926
8928
8929
8938
8942
8945
8946
8947
8949
8989
8992
8999
9000
9012
9014
9019
9025
9028
9029
9030
9033
9038
9051
9054
9061
9063
9064
9065
9067
9069
9071
9072
9074
9076
9077
9078
9079
9081
9082
9084
9087
9089
9092
9093
9094
9097
9098
9099
9100
9104
9105
9106
9107
9109
9111
9112
9115
9116
9117
9118
9119
9120
9121
9122
9123
9124
9125
9127
9128
9132
9134
9136
9137
9138
9139
9140
9141
9146
9149
9150
9153
9160
9165
9166
9167
9173
9174
9175
9178
9180
9184
9185
9186
9187
9190
9194
9200
9201
9203
9204
9205
9206
9207
9208
9209
9210
9212
9214
9215
9217
9219
9220
9227
9234
9237
9238
9240
9241
9242
9245
9247
9249
9250
9251
9252
9253
9254
9255
9256
9257
9259
9260
9263
9264
9265
9267
9268
9269
9272
9273
9277
9279
9281
9282
9284
9285
9286
9287
9289
9290
9291
9292
9293
9294
9295
9296
9297
9301
9304
9312
9316
9317
9328
9331
9334
9336
9337
9338
9342
9343
9346
9349
9351
9353
9354
9355
9359
9360
9362
9365
9370
9371
9372
9373
9374
9375
9376
9377
9378
9379
9380
9383
9389
9393
9396
9402
9404
9405
9406
9408
9409
9413
9416
9424
9426
9434
9444
9448
9449
9450
9451
9453
9454
9465
9466
9467
9471
9472
9473
9474
9475
9476
9477
9478
9480
9481
9482
9483
9484
9490
9492
9494
9497
9501
9502
9503
9504
9507
9509
9513
9516
9519
9520
9521
9522
9536
9542
9543
9544
9545
9546
9548
9549
9550
9553
9554
9555
9558
9567
9570
9578
9582
9585
9587
9588
9590
9591
9592
9594
9595
9596
9597
9598
9599
9600
9602
9605
9607
9649
9652
9656
9657
9660
9669
9670
9673
9674
9676
9680
9683
9685
9693
9697
9698
9702
9706
9717
9724
9728
9734
9735
9736
9739
9740
9742
9743
9747
9748
9749
9750
9751
9752
9755
9756
9758
9759
9761
9762
9764
9765
9766
9767
9770
9771
9772
9773
9774
9776
9777
9779
9780
9781
9782
9783
9784
9786
9787
9788
9789
9791
9792
9793
9794
9795
9796
9797
9799
9800
9801
9802
9804
9805
9807
9808
9809
9810
9811
9812
9813
9815
9817
9818
9819
9820
9821
9822
9824
9825
9826
9828
9829
9830
9831
9832
9834
9835
9837
9838
9840
9842
9843
9844
9846
9848
9852
9854
9855
9856
9858
9860
9862
9864
9865
9868
9871
9872
9874
9875
9876
9883
9887
9888
9889
9890
9891
9892
9893
9895
9898
9900
9902
9903
9905
9908
9910
9911
9912
9913
9914
9915
9916
9917
9919
9928
9930
9931
9933
9937
9938
9940
9944
9945
9949
9950
9952
9954
9955
9958
9959
9961
9962
9963
9964
9965
9966
9969
9970
9971
9973
9974
9975
9976
9977
9978
9979
9980
9981
9983
9984
9985
9986
9987
9988
9989
9990
9991
9992
9993
9995
9996
9997
9998
9999
10000
10001
10002
10003
10004
10006
10007
10008
10009
10010
10011
10012
10014
10015
10017
10018
10019
10032
10033
10035
10037
10043
10044
10045
10046
10048
10049
10051
10052
10053
10054
10063
10066
10067
10069
10070
10071
10074
10075
10076
10077
10085
10086
10088
10089
10090
10092
10093
10094
10095
10098
10101
10102
10103
10104
10105
10106
10107
10109
10110
10111
10113
10117
10119
10120
10121
10122
10123
10124
10126
10127
10129
10130
10137
10144
10146
10148
10149
10153
10154
10156
10157
10158
10162
10168
10173
10178
10179
10180
10181
10182
10183
10185
10187
10188
10194
10195
10200
10201
10202
10203
10204
10205
10206
10207
10208
10210
10218
10219
10220
10224
10225
10234
10237
10251
10252
10256
10259
10261
10268
10270
10271
10272
10283
10285
10287
10296
10298
10302
10305
10307
10311
10312
10313
10314
10315
10316
10317
10318
10322
10324
10326
10327
10328
10329
10330
10331
10332
10333
10334
10335
10336
10337
10338
10339
10342
10343
10344
10345
10346
10347
10348
10349
10350
10353
10354
10355
10356
10357
10358
10359
10360
10361
10362
10364
10366
10367
10369
10370
10371
10372
10373
10374
10375
10376
10378
10379
10381
10382
10383
10384
10385
10386
10387
10388
10389
10393
10394
10395
10399
10400
10405
10406
10407
10409
10410
10411
10412
10413
10414
10415
10416
10418
10419
10420
10421
10422
10423
10424
10427
10429
10431
10433
10436
10437
10438
10439
10442
10443
10444
10448
10449
10451
10453
10454
10457
10458
10462
10467
10468
10470
10474
10477
10478
10480
10481
10482
10487
10489
10490
10492
10493
10494
10495
10496
10497
10498
10499
10500
10501
10504
10506
10507
10509
10510
10511
10512
10513
10514
10515
10516
10518
10520
10521
10523
10526
10528
10530
10533
10535
10536
10537
10538
10540
10541
10542
10543
10545
10546
10547
10549
10551
10554
10555
10557
10560
10565
10566
10567
10574
10575
10577
10579
10580
10583
10585
10586
10588
10589
10591
10596
10598
10600
10601
10602
10603
10606
10607
10608
10610
10611
10614
10616
10617
10618
10621
10622
10623
10626
10634
10635
10636
10640
10641
10642
10643
10647
10651
10652
10654
10655
10656
10658
10660
10662
10663
10664
10665
10666
10669
10672
10673
10674
10676
10677
10678
10679
10681
10682
10683
10685
10687
10689
10690
10691
10692
10695
10696
10699
10702
10705
10706
10707
10708
10709
10710
10712
10714
10715
10716
10718
10719
10720
10724
10725
10726
10728
10734
10735
10736
10737
10741
10742
10744
10745
10746
10747
10751
10753
10756
10758
10760
10761
10762
10763
10765
10766
10767
10768
10770
10771
10772
10773
10774
10776
10777
10779
10781
10784
10785
10786
10787
10790
10791
10793
10794
10796
10797
10798
10799
10802
10804
10805
10807
10810
10811
10812
10817
10819
10820
10821
10824
10825
10828
10829
10830
10833
10836
10838
10842
10845
10848
10852
10853
10854
10856
10858
10861
10862
10865
10873
10875
10883
10893
10897
10898
10900
10901
10903
10904
10915
10916
10917
10921
10922
10923
10924
10925
10926
10927
10929
10930
10932
10933
10938
10940
10942
10945
10949
10950
10951
10952
10955
10957
10961
10964
10966
10968
10969
10970
10971
10985
10991
10992
10993
10994
10995
10997
10998
10999
11002
11003
11004
11007
11016
11019
11027
11031
11034
11036
11037
11039
11040
11041
11043
11044
11045
11046
11047
11048
11049
11051
11054
11057
11060
11070
11071
11072
11091
11096
11107
11109
11110
11114
11115
11116
11117
11126
11129
11133
11134
11142
11143
11144
11145
11147
11149
11151
11153
11155
11156
11157
11158
11159
11161
11162
11165
11166
11169
11170
11172
11173
11177
11183
11186
11188
11189
11197
11198
11200
11202
11207
11209
11210
11213
11214
11215
11216
11217
11219
11221
11223
11224
11226
11227
11228
11238
11244
11247
11251
11252
11257
11267
11268
11269
11270
11271
11272
11273
11274
11277
11279
11280
11281
11283
11284
11287
11289
11290
11291
11292
11293
11295
11307
11315
11319
11323
11324
11328
11331
11335
11343
11344
11345
11355
11364
11381
11397
11398
11400
11401
11402
11403
11404
11412
11423
11435
11436
11439
11440
11441
11442
11448
11450
11457
11458
11459
11463
11468
11471
11472
11473
11480
11481
11488
11492
11505
11506
11509
11519
11523
11555
11563
11570
11591
11593
11602
11611
11612
11616
