0
2
4
8
9
10
11
12
13
14
15
16
18
21
22
25
27
28
31
33
34
35
54
55
82
83
85
136
140
144
152
158
194
199
215
223
285
288
289
326
339
347
348
393
396
411
459
469
478
480
481
482
483
494
495
497
498
499
535
536
537
538
539
543
546
547
550
553
554
556
557
558
559
560
562
563
565
566
572
573
574
575
577
578
582
583
584
585
586
589
590
592
593
594
595
596
597
598
600
603
605
608
609
623
631
637
650
655
660
664
670
672
673
683
687
695
793
802
833
836
837
839
840
841
842
843
851
856
857
858
859
860
861
862
873
877
890
891
897
898
900
903
905
909
910
911
915
916
917
920
921
924
925
927
934
940
942
943
944
945
946
950
951
952
955
956
957
962
963
964
965
973
981
982
983
984
985
989
992
994
996
1006
1007
1012
1018
1021
1030
1031
1037
1039
1043
1048
1072
1074
1079
1091
1095
1100
1101
1102
1103
1104
1105
1107
1108
1111
1113
1114
1115
1116
1117
1119
1120
1126
1127
1132
1133
1134
1137
1139
1140
1141
1142
1143
1144
1145
1146
1147
1150
1151
1152
1160
1165
1168
1169
1176
1178
1180
1181
1183
1184
1185
1186
1189
1190
1191
1192
1196
1199
1200
1201
1202
1206
1207
1208
1210
1211
1212
1213
1214
1215
1216
1219
1220
1221
1222
1314
1320
1345
1351
1357
1370
1389
1392
1394
1400
1402
1405
1408
1425
1426
1427
1428
1429
1430
1432
1435
1436
1437
1439
1450
1454
1461
1462
1464
1465
1466
1467
1468
1469
1471
1473
1474
1476
1480
1482
1486
1489
1490
1491
1492
1497
1501
1502
1503
1504
1507
1508
1510
1511
1513
1514
1515
1516
1532
1552
1555
1561
1567
1568
1612
1656
1659
1686
1697
1706
1805
1808
1809
1810
1815
1817
1818
1820
1824
1826
1829
1830
1831
1832
1833
1834
1835
1837
1838
1840
1844
1846
1847
1848
1849
1850
1851
1852
1853
1854
1855
1857
1859
1860
1863
1865
1868
1871
1872
1874
1881
1882
1883
1884
1886
1888
1889
1890
1891
1892
1893
1894
1895
1896
1897
1898
1899
1901
1902
1903
1904
1905
1906
1907
1908
1909
1910
1911
1912
1916
1924
1925
1926
1927
1928
1929
1930
1936
1937
1938
1940
1941
1942
1943
1946
1947
1948
1949
1950
1960
1961
1962
1966
1968
1969
1970
1971
1972
1978
1979
1980
1983
1984
1986
1987
1988
1989
1990
1992
1994
1995
1997
1998
2000
2002
2005
2007
2009
2010
2011
2012
2013
2014
2016
2017
2018
2019
2020
2021
2025
2026
2027
2028
2030
2031
2032
2033
2036
2037
2039
2040
2042
2043
2044
2045
2046
2047
2048
2049
2050
2051
2058
2059
2060
2061
2063
2064
2065
2066
2067
2068
2069
2070
2071
2072
2073
2074
2075
2076
2078
2081
2082
2084
2087
2091
2092
2095
2096
2098
2099
2101
2107
2108
2113
2114
2115
2116
2117
2119
2120
2121
2124
2125
2127
2129
2132
2161
2191
2226
2257
2258
2259
2261
2263
2279
2281
2286
2287
2288
2289
2290
2292
2296
2297
2298
2300
2301
2302
2312
2313
2321
2322
2323
2325
2326
2327
2328
2331
2332
2339
2346
2347
2348
2349
2350
2351
2352
2353
2354
2359
2360
2361
2362
2363
2364
2365
2366
2376
2388
2390
2391
2396
2397
2398
2399
2400
2402
2403
2404
2405
2406
2407
2408
2409
2410
2411
2412
2413
2414
2415
2416
2417
2418
2419
2420
2421
2422
2423
2424
2425
2426
2427
2428
2429
2430
2431
2432
2433
2434
2443
2447
2452
2468
2474
2480
2482
2509
2539
2554
2555
2559
2563
2564
2611
2613
2630
2631
2632
2633
2634
2635
2636
2637
2638
2639
2640
2642
2643
2644
2645
2646
2660
2690
2753
2754
2782
2783
2784
2805
2808
2809
2810
2813
2814
2815
2816
2817
2818
2819
2869
2882
2886
2890
2891
2892
2894
2895
2896
2897
2899
2905
2906
2907
2910
2911
2914
2919
2920
2922
2926
2927
2928
2933
2934
2936
2937
2938
2940
2941
2942
2945
2946
2947
2949
2950
2951
2952
2953
2954
2957
2958
2959
2960
2961
2962
2963
2964
2965
2966
2967
2968
2969
2970
2971
2973
2974
2975
2976
2977
2978
2979
2980
2981
2982
2983
2984
2985
2986
2987
2988
2989
2993
2994
2995
2997
2998
2999
3000
3001
3002
3003
3004
3006
3010
3011
3012
3014
3016
3019
3020
3023
3024
3026
3029
3040
3041
3047
3048
3052
3054
3056
3057
3058
3059
3060
3061
3062
3063
3064
3065
3078
3080
3081
3083
3091
3100
3192
3322
3366
3372
3411
3412
3423
3424
3425
3426
3427
3428
3433
3434
3436
3438
3439
3442
3443
3446
3447
3448
3449
3452
3457
3459
3462
3466
3472
3475
3478
3486
3488
3489
3490
3491
3520
3540
3542
3543
3544
3547
3550
3551
3553
3557
3560
3565
3566
3567
3569
3570
3572
3574
3575
3577
3581
3582
3584
3585
3598
3601
3602
3603
3606
3609
3610
3611
3612
3613
3614
3615
3616
3617
3618
3619
3621
3664
3665
3740
3742
3743
3745
3746
3747
3748
3749
3750
3753
3755
3756
3759
3760
3761
3762
3765
3766
3767
3769
3770
3771
3772
3773
3774
3775
3776
3777
3779
3780
3781
3782
3783
3784
3785
3786
3787
3788
3789
3790
3791
3792
3796
3797
3800
3802
3803
3804
3807
3809
3810
3811
3812
3814
3849
3850
3852
3855
3857
3861
3862
3864
3865
3866
3867
3868
3870
3871
3872
3876
3877
3878
3879
3880
3881
3882
3884
3885
3887
3888
3890
3891
3892
3893
3894
3895
3896
3897
3898
3902
3903
3904
3905
3906
3908
3909
3910
3911
3912
3914
3916
3917
3918
3919
3957
3982
3991
3994
4010
4011
4016
4017
4018
4019
4020
4021
4022
4027
4028
4029
4033
4034
4035
4037
4039
4040
4042
4043
4044
4048
4049
4050
4055
4056
4065
4066
4069
4070
4071
4075
4076
4103
4107
4108
4113
4122
4133
4134
4135
4136
4137
4138
4139
4140
4141
4142
4143
4144
4145
4146
4147
4148
4149
4150
4151
4152
4153
4154
4159
4169
4171
4172
4173
4174
4175
4176
4177
4178
4179
4180
4181
4184
4185
4186
4187
4189
4190
4191
4192
4193
4195
4196
4198
4206
4207
4208
4220
4222
4223
4224
4226
4227
4231
4232
4233
4234
4237
4240
4246
4247
4260
4261
4262
4263
4264
4265
4268
4270
4271
4273
4275
4277
4278
4280
4281
4282
4283
4284
4285
4286
4287
4288
4289
4291
4293
4296
4298
4299
4300
4301
4302
4303
4304
4305
4306
4307
4308
4309
4311
4312
4314
4316
4319
4321
4322
4323
4325
4326
4327
4328
4329
4330
4331
4332
4333
4334
4336
4337
4338
4341
4342
4343
4344
4345
4346
4348
4349
4351
4352
4353
4354
4355
4356
4357
4358
4359
4361
4362
4363
4375
4376
4379
4389
4390
4399
4400
4403
4408
4409
4411
4412
4413
4417
4418
4419
4420
4421
4423
4424
4425
4427
4428
4429
4430
4433
4435
4437
4438
4443
4446
4450
4456
4459
4460
4466
4505
4535
4536
4537
4538
4540
4541
4542
4543
4544
4545
4546
4549
4550
4551
4552
4554
4555
4556
4557
4558
4559
4560
4561
4562
4563
4564
4565
4566
4567
4569
4570
4577
4578
4579
4580
4581
4582
4584
4585
4586
4587
4589
4590
4591
4592
4594
4595
4597
4598
4599
4600
4601
4602
4627
4631
4632
4636
4639
4640
4641
4643
4644
4647
4648
4658
4683
4684
4685
4687
4688
4695
4699
4716
4732
4734
4774
4776
4777
4784
4786
4787
4791
4792
4794
4795
4796
4797
4799
4801
4803
4804
4805
4806
4809
4810
4812
4813
4816
4817
4818
4820
4821
4822
4824
4827
4828
4829
4830
4831
4832
4833
4834
4845
4860
4861
4882
4886
4887
4889
4891
4896
4904
4909
4914
4917
4918
4935
4939
4940
4941
4956
4958
4960
4961
4969
4977
4978
4979
4982
4983
4991
4992
5003
5004
5005
5006
5007
5008
5009
5010
5011
5012
5013
5017
5018
5019
5020
5021
5022
5023
5024
5025
5028
5031
5033
5037
5038
5039
5040
5041
5042
5043
5044
5045
5046
5047
5048
5050
5051
5052
5053
5055
5061
5062
5065
5066
5067
5069
5070
5072
5073
5074
5075
5076
5077
5078
5079
5080
5081
5082
5083
5084
5085
5086
5087
5088
5089
5090
5091
5092
5093
5094
5095
5096
5097
5098
5099
5100
5101
5103
5104
5105
5106
5107
5108
5109
5110
5111
5112
5113
5114
5115
5116
5117
5118
5119
5120
5121
5122
5125
5126
5127
5128
5129
5133
5134
5135
5136
5138
5140
5141
5142
5143
5145
5147
5153
5161
5166
5170
5171
5172
5173
5175
5176
5177
5178
5179
5180
5181
5182
5184
5185
5186
5187
5188
5189
5190
5191
5193
5194
5196
5197
5198
5200
5201
5221
5222
5232
5235
5236
5237
5238
5239
5240
5241
5242
5243
5250
5252
5256
5257
5258
5259
5260
5261
5262
5263
5264
5265
5266
5267
5268
5269
5270
5271
5272
5273
5274
5275
5276
5277
5278
5279
5280
5281
5282
5283
5284
5285
5286
5287
5288
5289
5290
5291
5292
5293
5294
5295
5296
5297
5298
5299
5301
5302
5303
5304
5305
5307
5309
5311
5320
5322
5323
5324
5325
5326
5327
5328
5329
5330
5331
5332
5334
5335
5336
5338
5339
5340
5341
5343
5346
5349
5350
5351
5352
5353
5354
5355
5356
5357
5358
5359
5360
5361
5364
5365
5366
5367
5368
5369
5370
5371
5372
5373
5374
5377
5380
5381
5382
5383
5384
5385
5386
5388
5389
5391
5392
5393
5394
5395
5396
5399
5401
5402
5405
5406
5407
5408
5411
5412
5413
5415
5416
5417
5418
5419
5420
5421
5422
5423
5425
5426
5427
5428
5429
5430
5431
5432
5433
5434
5435
5436
5437
5438
5442
5443
5446
5448
5449
5450
5454
5456
5457
5464
5466
5467
5471
5472
5474
5475
5476
5477
5479
5481
5483
5484
5485
5486
5489
5490
5493
5494
5496
5497
5498
5499
5500
5501
5503
5504
5505
5511
5513
5517
5521
5527
5532
5536
5537
5542
5559
5560
5562
5563
5599
5600
5601
5602
5603
5607
5610
5611
5614
5617
5618
5620
5621
5622
5623
5624
5626
5627
5629
5630
5636
5637
5638
5639
5641
5642
5643
5647
5648
5649
5650
5653
5654
5656
5657
5658
5659
5660
5661
5663
5665
5666
5667
5669
5671
5681
5682
5683
5687
5688
5714
5717
