3
19
20
26
29
30
32
37
40
43
56
60
61
62
154
359
360
383
384
399
400
412
416
425
432
440
444
445
448
449
450
452
455
456
457
458
460
462
463
464
479
484
486
533
534
540
542
549
561
569
571
606
642
649
666
709
816
826
827
829
838
844
845
846
847
848
849
852
863
867
872
874
875
876
878
880
881
884
886
888
889
893
894
895
896
899
901
902
906
907
908
912
913
914
918
919
922
923
926
931
933
937
938
939
947
948
949
953
954
958
959
960
961
966
967
968
969
970
971
972
974
975
976
978
979
986
987
988
990
991
993
997
998
1000
1001
1002
1003
1004
1005
1008
1009
1010
1011
1013
1014
1015
1016
1019
1020
1022
1023
1024
1025
1029
1032
1033
1034
1035
1036
1038
1040
1042
1044
1045
1047
1050
1052
1053
1054
1057
1058
1061
1062
1063
1064
1065
1069
1070
1071
1073
1075
1076
1077
1078
1081
1082
1083
1084
1086
1087
1092
1093
1094
1096
1098
1099
1109
1112
1130
1131
1135
1136
1138
1148
1149
1153
1154
1155
1156
1157
1158
1161
1162
1163
1164
1166
1167
1170
1172
1173
1174
1175
1179
1187
1194
1198
1218
1296
1297
1354
1355
1356
1358
1359
1360
1361
1362
1363
1371
1376
1377
1378
1382
1386
1388
1390
1395
1397
1398
1399
1401
1418
1419
1420
1421
1422
1431
1433
1438
1449
1451
1452
1453
1459
1460
1463
1470
1472
1475
1479
1481
1483
1484
1485
1487
1488
1493
1494
1495
1496
1498
1499
1500
1505
1506
1509
1512
1518
1519
1520
1536
1538
1539
1540
1541
1546
1548
1549
1553
1556
1557
1558
1559
1560
1562
1563
1566
1585
1586
1587
1588
1589
1591
1592
1593
1594
1595
1596
1597
1599
1600
1601
1602
1603
1604
1606
1607
1608
1609
1610
1611
1613
1614
1615
1616
1617
1618
1619
1620
1621
1624
1626
1627
1630
1631
1632
1633
1635
1636
1638
1641
1643
1644
1645
1646
1647
1648
1650
1651
1652
1653
1654
1657
1658
1661
1662
1666
1667
1668
1669
1671
1672
1673
1674
1675
1676
1677
1678
1679
1684
1685
1687
1688
1689
1691
1692
1693
1694
1695
1696
1704
1807
1816
1827
1842
1843
1845
1856
1858
1861
1862
1864
1878
1879
1885
1887
1900
1913
1914
1915
1917
1918
1920
1921
1922
1923
1931
1932
1933
1934
1935
1939
1944
1945
1951
1952
1953
1954
1955
1956
1957
1958
1959
1963
1964
1965
1967
1973
1974
1975
1976
1977
1991
1996
1999
2003
2008
2023
2038
2041
2052
2053
2057
2079
2083
2088
2089
2090
2097
2100
2104
2105
2106
2109
2111
2118
2122
2126
2130
2134
2149
2166
2167
2168
2169
2176
2243
2244
2245
2254
2255
2256
2260
2262
2264
2271
2272
2293
2294
2299
2303
2306
2308
2309
2310
2311
2315
2317
2318
2319
2320
2329
2330
2340
2345
2367
2380
2381
2387
2389
2401
2456
2458
2460
2461
2483
2484
2497
2538
2540
2541
2543
2558
2572
2589
2590
2591
2604
2606
2610
2614
2615
2621
2624
2629
2641
2648
2649
2650
2651
2652
2653
2654
2655
2656
2659
2661
2662
2663
2664
2665
2666
2667
2668
2669
2670
2671
2672
2673
2674
2675
2676
2677
2678
2679
2680
2681
2682
2683
2684
2685
2686
2687
2688
2689
2691
2692
2693
2694
2695
2696
2697
2698
2699
2700
2701
2702
2703
2704
2705
2706
2707
2708
2709
2710
2711
2712
2713
2714
2715
2716
2717
2718
2719
2720
2721
2722
2723
2724
2725
2726
2727
2728
2729
2730
2731
2732
2733
2734
2735
2736
2737
2738
2739
2740
2741
2742
2743
2744
2745
2746
2747
2748
2749
2750
2751
2752
2755
2756
2757
2758
2759
2760
2761
2762
2763
2764
2765
2766
2767
2768
2769
2770
2771
2772
2773
2774
2775
2776
2777
2778
2779
2780
2781
2785
2786
2787
2788
2789
2790
2791
2792
2793
2794
2795
2796
2797
2798
2799
2800
2801
2802
2803
2806
2812
2828
2853
2866
2903
2912
2921
2923
2944
2955
2996
3044
3045
3046
3049
3050
3051
3053
3145
3181
3187
3203
3207
3218
3233
3237
3243
3267
3268
3314
3317
3318
3319
3320
3321
3323
3342
3348
3349
3367
3380
3383
3405
3430
3431
3432
3440
3441
3444
3445
3458
3460
3461
3465
3467
3468
3469
3470
3477
3480
3481
3484
3485
3500
3532
3533
3534
3536
3549
3552
3554
3555
3556
3558
3559
3561
3562
3563
3564
3571
3573
3576
3578
3580
3586
3587
3588
3589
3590
3591
3592
3593
3594
3595
3597
3599
3604
3605
3608
3622
3623
3624
3625
3626
3627
3628
3629
3630
3631
3632
3633
3634
3635
3636
3637
3638
3639
3640
3641
3642
3643
3644
3645
3646
3647
3648
3649
3650
3651
3652
3653
3654
3655
3656
3657
3658
3659
3660
3661
3662
3663
3666
3667
3668
3669
3670
3671
3672
3673
3674
3675
3676
3677
3678
3679
3680
3681
3682
3683
3684
3685
3686
3687
3688
3689
3690
3691
3692
3693
3694
3695
3696
3697
3698
3699
3700
3701
3702
3703
3704
3705
3706
3707
3708
3709
3710
3711
3712
3713
3714
3715
3716
3717
3718
3719
3720
3721
3722
3723
3724
3725
3726
3727
3728
3729
3730
3731
3732
3733
3734
3735
3736
3737
3738
3739
3741
3744
3757
3758
3778
3798
3801
3805
3820
3842
3860
3869
3875
3937
3988
4004
4026
4052
4057
4072
4073
4077
4078
4079
4088
4089
4090
4091
4092
4094
4095
4100
4101
4102
4104
4105
4106
4115
4116
4117
4118
4119
4120
4124
4126
4129
4182
4183
4202
4203
4204
4205
4209
4210
4211
4212
4213
4214
4215
4216
4217
4218
4221
4229
4230
4235
4236
4238
4239
4241
4242
4243
4245
4248
4249
4250
4251
4252
4253
4254
4255
4256
4257
4258
4259
4272
4276
4294
4295
4297
4310
4313
4317
4364
4367
4368
4377
4378
4380
4397
4401
4405
4410
4415
4416
4426
4436
4461
4462
4463
4464
4465
4468
4469
4473
4474
4475
4477
4479
4480
4482
4483
4484
4485
4486
4488
4489
4491
4497
4499
4500
4501
4507
4516
4518
4521
4522
4523
4524
4526
4532
4547
4548
4576
4593
4603
4649
4650
4651
4653
4654
4655
4659
4660
4661
4662
4663
4664
4666
4667
4668
4671
4672
4674
4675
4676
4678
4681
4686
4689
4690
4694
4698
4700
4703
4706
4708
4709
4710
4711
4712
4713
4714
4715
4717
4721
4722
4723
4724
4725
4727
4728
4730
4731
4733
4738
4739
4740
4743
4746
4750
4751
4752
4754
4755
4757
4761
4763
4765
4769
4770
4771
4772
4773
4779
4785
4788
4793
4798
4802
4807
4808
4814
4815
4819
4823
4835
4903
4905
4912
4951
5059
5060
5071
5146
5148
5149
5150
5151
5152
5154
5155
5156
5160
5162
5163
5164
5168
5169
5174
5183
5192
5195
5199
5203
5206
5210
5223
5227
5228
5229
5233
5244
5245
5246
5247
5248
5249
5251
5300
5306
5308
5310
5313
5314
5315
5316
5318
5321
5362
5363
5387
5390
5403
5404
5424
5444
5447
5451
5452
5453
5459
5465
5468
5473
5478
5482
5487
5488
5495
5502
5506
5507
5508
5512
5515
5516
5518
5519
5520
5522
5523
5524
5529
5530
5531
5535
5538
5539
5540
5543
5544
5545
5546
5547
5548
5549
5550
5551
5597
5598
5604
5606
5613
5625
5633
5672
5684
5685
5689
5699
5700
5701
5702
5703
5705
5706
5711
5712
5713
5715
5716
