61
62
63
64
67
68
81
87
88
97
121
152
155
158
159
160
161
162
163
169
170
172
174
175
176
194
195
244
309
312
313
314
315
316
317
318
319
321
322
327
328
330
380
381
382
383
384
386
388
389
391
392
393
394
395
398
399
400
401
424
425
431
432
439
443
444
445
531
533
534
535
536
537
675
772
774
775
778
779
780
781
782
783
790
793
794
813
839
840
842
848
849
850
856
857
858
859
860
861
864
1328
1329
1330
1331
1334
1337
1338
1344
1349
1351
1352
1354
1355
1356
1357
1358
1394
1395
1396
1398
1403
1406
1407
1414
1416
1417
1418
1432
1435
1436
1437
1439
1440
1441
1447
1541
1542
1566
1567
1568
1569
1572
1573
1574
1575
1576
1577
1578
1579
1581
1582
1587
1588
1591
1592
1593
1594
1595
1597
1599
1600
1602
1603
1604
1605
1606
1609
1610
1611
1612
1635
1636
1641
1642
1649
1653
1654
1655
1656
1661
1662
1665
1666
1667
1668
1669
1670
1677
1680
1681
1699
1724
1725
1727
1731
1732
1733
1739
1740
1741
1742
1743
1744
1761
1762
1763
1764
1765
1775
1778
1779
1785
1790
1792
1793
1810
1811
1860
1863
1865
1867
1868
1869
1870
1871
