66
68
105
106
107
113
114
116
121
123
126
141
143
160
170
171
184
185
193
196
197
206
207
208
230
262
264
268
269
270
305
306
314
321
322
328
502
503
516
518
521
523
576
705
706
707
772
773
781
787
819
824
864
879
980
1089
1090
1118
1159
1171
1182
1193
1195
1364
1365
1366
1367
1368
1369
1372
1374
1375
1379
1384
1403
1404
1406
1407
1409
1410
1411
1412
1413
1414
1415
1416
1417
1424
1440
1441
1442
1443
1444
1445
1446
1447
1448
1455
1457
1458
1477
1478
1605
1637
1655
1698
1702
1705
1707
1712
1713
1714
1716
1717
1718
1719
1720
1721
1722
1724
1725
1726
1727
1728
1735
1736
1737
1741
1742
1743
1744
1745
1746
1747
1748
1749
1750
1752
1753
1755
1756
1757
1758
1761
1762
1763
1764
1768
1769
1770
1771
1772
1773
1774
1775
1778
1779
1780
1781
1785
1786
1788
1789
1790
1791
1792
1794
1797
1801
1803
1806
1811
1813
1814
1819
1821
1822
1823
1825
1828
1836
1867
1869
1875
1876
1877
2034
2035
2054
2055
2080
2102
2103
2291
2324
2333
2335
2341
2826
2827
2831
2833
2839
2840
2841
2843
2868
3161
3166
3170
3172
3173
3240
3271
3400
3416
3417
3418
3419
3420
3421
3422
3451
3487
3539
3832
3834
3859
4074
4156
4157
4158
4160
4162
4163
4164
4165
4166
4167
4168
4170
4197
4199
4201
4228
4244
4290
4339
4340
4365
4371
4372
4374
4388
4406
4431
4467
4470
4471
4472
4476
4478
4481
4493
4494
4498
4519
4520
4525
4527
4528
4529
4530
4531
4533
4534
4571
4572
4575
4583
4588
4617
4619
4624
4625
4626
4630
4669
4670
4677
4682
4696
4704
4718
4719
4736
4741
4742
4744
4745
4747
4749
4760
4764
4859
5319
5509
5510
5525
5528
5533
5534
5541
5566
5567
5578
5580
5582
5585
5587
5588
5635
5640
5686
