0	0
1	1
2	0
3	1
4	1
5	0
6	1
7	0
8	1
9	0
10	1
11	1
12	1
13	1
14	1
15	0
16	0
17	0
18	0
19	0
20	0
21	0
22	1
23	1
24	1
25	1
26	1
27	1
28	0
29	1
30	1
31	0
32	0
33	1
34	1
35	1
36	1
37	1
38	1
39	1
40	1
41	1
42	0
43	1
44	0
45	0
46	1
47	1
48	1
49	1
50	1
51	1
52	1
53	0
54	0
55	0
56	0
57	1
58	1
59	1
60	1
61	1
62	1
63	1
64	1
65	1
66	1
67	1
68	1
69	1
70	1
71	1
72	1
73	1
74	1
75	1
76	1
77	1
78	1
79	1
80	1
81	1
82	1
83	0
84	1
85	1
86	1
87	1
88	1
89	1
90	1
91	0
92	0
93	0
94	0
95	0
96	0
97	1
98	1
99	0
100	1
101	1
102	1
103	1
104	1
105	1
106	1
107	0
108	1
109	1
110	1
111	1
112	0
113	1
114	1
115	1
116	1
117	1
118	1
119	1
120	1
121	1
122	0
123	1
124	1
125	1
126	1
127	1
128	1
129	0
130	0
131	1
132	0
133	0
134	0
135	1
136	0
137	0
138	0
139	1
140	1
141	0
142	0
143	0
144	1
145	1
146	0
147	0
148	1
149	0
150	0
151	0
152	1
153	1
154	1
155	1
156	0
157	0
158	1
159	1
160	1
161	1
162	1
163	1
164	1
165	1
166	1
167	1
168	1
169	1
170	1
171	1
172	1
173	1
174	1
175	1
176	1
177	1
178	1
179	1
180	1
181	1
182	1
183	1
184	1
185	1
186	0
187	0
188	1
189	1
190	1
191	1
192	1
193	1
194	1
195	1
196	1
197	1
198	1
199	0
200	1
201	1
202	1
203	1
204	0
205	0
206	1
207	1
208	1
209	1
210	1
211	0
212	1
213	1
214	1
215	1
216	1
217	1
218	1
219	1
220	1
221	1
222	1
223	1
224	1
225	1
226	1
227	1
228	1
229	0
230	0
231	1
232	1
233	1
234	0
235	1
236	1
237	1
238	1
239	1
240	1
241	1
242	1
243	1
244	1
245	0
246	0
247	0
248	0
249	0
250	0
251	0
252	0
253	0
254	0
255	0
256	0
257	0
258	0
259	0
260	0
261	0
262	0
263	1
264	0
265	0
266	0
267	0
268	1
269	1
270	0
271	0
272	1
273	0
274	0
275	0
276	1
277	1
278	1
279	1
280	1
281	1
282	1
283	1
284	1
285	1
286	1
287	1
288	1
289	1
290	1
291	1
292	1
293	0
294	1
295	1
296	1
297	1
298	0
299	1
300	0
301	1
302	1
303	1
304	1
305	0
306	0
307	0
308	0
309	1
310	1
311	0
312	1
313	1
314	1
315	1
316	1
317	1
318	1
319	1
320	0
321	1
322	1
323	1
324	0
325	1
326	0
327	1
328	1
329	1
330	1
331	0
332	0
333	0
334	1
335	1
336	1
337	1
338	0
339	0
340	1
341	0
342	0
343	0
344	0
345	0
346	1
347	0
348	0
349	0
350	0
351	0
352	0
353	1
354	0
355	1
356	1
357	1
358	1
359	1
360	1
361	0
362	0
363	1
364	1
365	1
366	1
367	0
368	1
369	1
370	1
371	0
372	0
373	0
374	1
375	0
376	0
377	1
378	0
379	0
380	1
381	1
382	1
383	1
384	1
385	1
386	1
387	1
388	1
389	1
390	1
391	1
392	1
393	1
394	1
395	1
396	1
397	1
398	1
399	1
400	1
401	1
402	1
403	0
404	0
405	0
406	1
407	1
408	1
409	1
410	1
411	1
412	1
413	1
414	1
415	1
416	1
417	1
418	1
419	1
420	1
421	1
422	1
423	1
424	1
425	1
426	1
427	1
428	1
429	1
430	1
431	1
432	1
433	1
434	1
435	1
436	0
437	1
438	1
439	1
440	1
441	1
442	1
443	1
444	1
445	1
446	1
447	1
448	0
449	1
450	1
451	0
452	1
453	1
454	1
455	0
456	0
457	1
458	1
459	0
460	0
461	0
462	1
463	0
464	1
465	1
466	1
467	1
468	1
469	0
470	1
471	1
472	1
473	0
474	0
475	1
476	1
477	1
478	1
479	1
480	1
481	0
482	0
483	0
484	1
485	0
486	1
487	1
488	1
489	1
490	1
491	1
492	1
493	0
494	0
495	0
496	0
497	1
498	0
499	0
500	0
501	0
502	0
503	0
504	0
505	1
506	0
507	0
508	0
509	0
510	1
511	0
512	0
513	0
514	0
515	0
516	0
517	0
518	1
519	0
520	1
521	1
522	0
523	0
524	1
525	0
526	1
527	0
528	1
529	1
530	1
531	1
532	1
533	1
534	1
535	1
536	1
537	1
538	1
539	1
540	0
541	0
542	1
543	1
544	1
545	1
546	0
547	0
548	0
549	1
550	0
551	0
552	0
553	0
554	1
555	0
556	0
557	0
558	0
559	1
560	1
561	1
562	0
563	1
564	0
565	0
566	0
567	1
568	0
569	0
570	0
571	0
572	0
573	0
574	0
575	0
576	0
577	1
578	0
579	0
580	1
581	0
582	1
583	0
584	0
585	1
586	1
587	1
588	0
589	1
590	1
591	1
592	1
593	1
594	1
595	1
596	0
597	0
598	0
599	1
600	1
601	1
602	1
603	1
604	0
605	0
606	0
607	1
608	0
609	0
610	0
611	0
612	0
613	0
614	0
615	0
616	1
617	1
618	0
619	0
620	0
621	0
622	1
623	0
624	0
625	1
626	0
627	1
628	1
629	1
630	1
631	1
632	0
633	0
634	0
635	0
636	0
637	1
638	0
639	0
640	0
641	0
642	1
643	0
644	0
645	0
646	1
647	1
648	1
649	1
650	0
651	1
652	0
653	0
654	0
655	0
656	0
657	0
658	1
659	0
660	0
661	0
662	0
663	0
664	1
665	0
666	0
667	0
668	0
669	0
670	1
671	0
672	0
673	1
674	0
675	1
676	1
677	0
678	0
679	0
680	0
681	1
682	0
683	0
684	0
685	1
686	0
687	1
688	0
689	0
690	0
691	0
692	0
693	0
694	0
695	0
696	0
697	1
698	0
699	1
700	0
701	1
702	0
703	1
704	1
705	1
706	0
707	0
708	0
709	1
710	1
711	0
712	0
713	1
714	1
715	1
716	0
717	1
718	0
719	1
720	0
721	0
722	0
723	0
724	0
725	0
726	0
727	0
728	1
729	0
730	0
731	1
732	1
733	1
734	0
735	0
736	0
737	0
738	0
739	0
740	0
741	1
742	0
743	0
744	0
745	0
746	0
747	0
748	0
749	1
750	1
751	1
752	0
753	0
754	0
755	0
756	0
757	1
758	1
759	1
760	1
761	1
762	1
763	0
764	0
765	0
766	0
767	0
768	0
769	0
770	0
771	1
772	1
773	1
774	1
775	1
776	0
777	1
778	1
779	1
780	1
781	1
782	1
783	1
784	1
785	0
786	1
787	0
788	0
789	1
790	1
791	1
792	1
793	1
794	1
795	1
796	1
797	1
798	1
799	1
800	1
801	1
802	1
803	1
804	1
805	1
806	1
807	1
808	1
809	1
810	1
811	1
812	1
813	1
814	1
815	1
816	1
817	0
818	1
819	1
820	1
821	1
822	1
823	1
824	1
825	1
826	1
827	1
828	1
829	1
830	1
831	1
832	1
833	1
834	1
835	1
836	1
837	1
838	1
839	1
840	1
841	1
842	1
843	1
844	1
845	1
846	0
847	1
848	1
849	1
850	1
851	1
852	1
853	1
854	0
855	1
856	1
857	1
858	1
859	1
860	1
861	1
862	0
863	0
864	1
865	1
866	1
867	0
868	0
869	1
870	1
871	0
872	0
873	0
874	0
875	0
876	0
877	0
878	1
879	0
880	0
881	0
882	0
883	0
884	0
885	0
886	0
887	0
888	0
889	0
890	0
891	1
892	0
893	0
894	0
895	1
896	1
897	1
898	0
899	1
900	0
901	1
902	1
903	0
904	0
905	1
906	1
907	1
908	1
909	1
910	1
911	1
912	1
913	1
914	1
915	1
916	1
917	1
918	1
919	1
920	1
921	0
922	1
923	1
924	0
925	0
926	0
927	1
928	1
929	1
930	1
931	1
932	1
933	1
934	1
935	0
936	1
937	0
938	1
939	0
940	1
941	1
942	1
943	1
944	1
945	0
946	1
947	1
948	0
949	0
950	1
951	0
952	1
953	0
954	0
955	0
956	0
957	1
958	1
959	1
960	1
961	1
962	1
963	1
964	1
965	0
966	1
967	1
968	1
969	1
970	1
971	1
972	1
973	1
974	1
975	1
976	0
977	0
978	0
979	0
980	1
981	0
982	0
983	0
984	0
985	0
986	1
987	0
988	0
989	0
990	0
991	0
992	1
993	1
994	0
995	1
996	1
997	1
998	0
999	0
1000	0
1001	0
1002	1
1003	1
1004	0
1005	0
1006	0
1007	0
1008	0
1009	1
1010	0
1011	0
1012	0
1013	0
1014	1
1015	0
1016	0
1017	0
1018	0
1019	0
1020	0
1021	0
1022	0
1023	0
1024	0
1025	1
1026	1
1027	0
1028	0
1029	0
1030	0
1031	0
1032	0
1033	0
1034	0
1035	0
1036	0
1037	0
1038	0
1039	1
1040	0
1041	0
1042	0
1043	0
1044	1
1045	0
1046	1
1047	1
1048	0
1049	0
1050	0
1051	0
1052	1
1053	0
1054	0
1055	0
1056	0
1057	1
1058	1
1059	1
1060	0
1061	0
1062	1
1063	1
1064	0
1065	0
1066	0
1067	0
1068	0
1069	0
1070	0
1071	1
1072	0
1073	0
1074	0
1075	0
1076	0
1077	1
1078	1
1079	0
1080	1
1081	1
1082	0
1083	0
1084	1
1085	0
1086	0
1087	0
1088	1
1089	0
1090	0
1091	0
1092	1
1093	0
1094	0
1095	0
1096	0
1097	0
1098	0
1099	1
1100	0
1101	0
1102	0
1103	0
1104	0
1105	1
1106	0
1107	0
1108	0
1109	0
1110	0
1111	1
1112	0
1113	1
1114	0
1115	0
1116	1
1117	0
1118	0
1119	0
1120	0
1121	0
1122	0
1123	0
1124	0
1125	1
1126	0
1127	0
1128	0
1129	0
1130	1
1131	0
1132	0
1133	1
1134	1
1135	1
1136	1
1137	1
1138	1
1139	1
1140	1
1141	1
1142	1
1143	1
1144	1
1145	1
1146	0
1147	0
1148	0
1149	1
1150	1
1151	1
1152	1
1153	1
1154	0
1155	0
1156	0
1157	0
1158	1
1159	0
1160	0
1161	0
1162	0
1163	0
1164	0
1165	0
1166	0
1167	1
1168	0
1169	0
1170	0
1171	0
1172	1
1173	1
1174	0
1175	1
1176	0
1177	0
1178	0
1179	0
1180	0
1181	0
1182	0
1183	0
1184	1
1185	0
1186	0
1187	0
1188	0
1189	0
1190	1
1191	0
1192	0
1193	0
1194	0
1195	0
1196	0
1197	0
1198	0
1199	0
1200	0
1201	0
1202	0
1203	1
1204	1
1205	1
1206	1
1207	1
1208	1
1209	0
1210	1
1211	1
1212	1
1213	1
1214	1
1215	1
1216	1
1217	1
1218	1
1219	1
1220	1
1221	0
1222	1
1223	1
1224	1
1225	1
1226	1
1227	1
1228	1
1229	1
1230	1
1231	1
1232	1
1233	1
1234	1
1235	1
1236	1
1237	1
1238	1
1239	1
1240	1
1241	1
1242	1
1243	1
1244	1
1245	1
1246	1
1247	1
1248	1
1249	1
1250	1
1251	1
1252	1
1253	1
1254	1
1255	1
1256	1
1257	1
1258	1
1259	1
1260	1
1261	1
1262	1
1263	1
1264	0
1265	0
1266	0
1267	0
1268	0
1269	0
1270	0
1271	0
1272	0
1273	0
1274	0
1275	1
1276	0
1277	0
1278	1
1279	0
1280	0
1281	0
1282	0
1283	0
1284	0
1285	0
1286	0
1287	0
1288	0
1289	0
1290	0
1291	1
1292	0
1293	1
1294	0
1295	1
1296	1
1297	1
1298	0
1299	0
1300	0
1301	1
1302	1
1303	1
1304	0
1305	1
1306	1
1307	1
1308	1
1309	0
1310	0
1311	0
1312	1
1313	1
1314	0
1315	0
1316	1
1317	1
1318	0
1319	0
1320	0
1321	1
1322	0
1323	0
1324	1
1325	1
1326	0
1327	0
1328	1
1329	1
1330	1
1331	1
1332	0
1333	1
1334	1
1335	1
1336	0
1337	1
1338	1
1339	1
1340	1
1341	0
1342	0
1343	0
1344	1
1345	1
1346	1
1347	1
1348	1
1349	1
1350	1
1351	1
1352	1
1353	1
1354	1
1355	1
1356	1
1357	1
1358	1
1359	1
1360	1
1361	1
1362	0
1363	1
1364	1
1365	1
1366	1
1367	0
1368	0
1369	0
1370	0
1371	0
1372	0
1373	1
1374	0
1375	0
1376	0
1377	0
1378	0
1379	0
1380	1
1381	1
1382	1
1383	1
1384	0
1385	0
1386	1
1387	0
1388	0
1389	0
1390	0
1391	0
1392	0
1393	0
1394	1
1395	1
1396	1
1397	0
1398	1
1399	0
1400	1
1401	0
1402	0
1403	1
1404	1
1405	1
1406	1
1407	1
1408	1
1409	1
1410	1
1411	0
1412	1
1413	0
1414	1
1415	0
1416	1
1417	1
1418	1
1419	1
1420	1
1421	1
1422	1
1423	1
1424	1
1425	0
1426	1
1427	1
1428	1
1429	1
1430	1
1431	0
1432	1
1433	1
1434	0
1435	1
1436	1
1437	1
1438	0
1439	1
1440	1
1441	1
1442	0
1443	0
1444	0
1445	0
1446	0
1447	1
1448	1
1449	0
1450	0
1451	0
1452	0
1453	1
1454	0
1455	0
1456	1
1457	1
1458	0
1459	1
1460	0
1461	0
1462	0
1463	0
1464	1
1465	0
1466	0
1467	1
1468	1
1469	0
1470	0
1471	1
1472	0
1473	1
1474	0
1475	0
1476	1
1477	0
1478	1
1479	1
1480	1
1481	1
1482	1
1483	1
1484	1
1485	1
1486	1
1487	1
1488	1
1489	1
1490	1
1491	1
1492	1
1493	1
1494	1
1495	1
1496	1
1497	1
1498	0
1499	1
1500	1
1501	1
1502	1
1503	1
1504	1
1505	1
1506	0
1507	0
1508	0
1509	0
1510	0
1511	1
1512	1
1513	1
1514	1
1515	1
1516	1
1517	0
1518	0
1519	0
1520	0
1521	0
1522	0
1523	0
1524	0
1525	0
1526	1
1527	0
1528	0
1529	0
1530	1
1531	0
1532	0
1533	0
1534	0
1535	0
1536	0
1537	0
1538	0
1539	0
1540	0
1541	1
1542	1
1543	1
1544	1
1545	1
1546	0
1547	1
1548	1
1549	1
1550	1
1551	1
1552	1
1553	1
1554	0
1555	1
1556	1
1557	1
1558	1
1559	0
1560	1
1561	1
1562	1
1563	1
1564	1
1565	0
1566	1
1567	1
1568	1
1569	1
1570	1
1571	0
1572	1
1573	1
1574	1
1575	1
1576	1
1577	1
1578	1
1579	1
1580	0
1581	1
1582	1
1583	1
1584	0
1585	1
1586	0
1587	1
1588	1
1589	1
1590	0
1591	1
1592	1
1593	1
1594	1
1595	1
1596	1
1597	1
1598	1
1599	1
1600	1
1601	1
1602	1
1603	1
1604	1
1605	1
1606	1
1607	1
1608	1
1609	1
1610	1
1611	1
1612	1
1613	1
1614	0
1615	0
1616	0
1617	1
1618	1
1619	1
1620	1
1621	1
1622	1
1623	1
1624	1
1625	1
1626	1
1627	1
1628	1
1629	1
1630	1
1631	1
1632	1
1633	1
1634	1
1635	1
1636	1
1637	1
1638	1
1639	1
1640	1
1641	1
1642	1
1643	1
1644	1
1645	1
1646	0
1647	1
1648	1
1649	1
1650	1
1651	1
1652	1
1653	1
1654	1
1655	1
1656	1
1657	1
1658	1
1659	0
1660	1
1661	1
1662	1
1663	0
1664	1
1665	1
1666	1
1667	1
1668	1
1669	1
1670	1
1671	1
1672	0
1673	1
1674	0
1675	0
1676	1
1677	1
1678	1
1679	1
1680	1
1681	1
1682	1
1683	1
1684	1
1685	1
1686	1
1687	1
1688	1
1689	1
1690	1
1691	1
1692	1
1693	1
1694	1
1695	1
1696	1
1697	1
1698	1
1699	1
1700	1
1701	1
1702	1
1703	0
1704	1
1705	1
1706	1
1707	1
1708	1
1709	1
1710	1
1711	1
1712	1
1713	1
1714	1
1715	1
1716	1
1717	1
1718	1
1719	1
1720	1
1721	1
1722	1
1723	1
1724	1
1725	1
1726	1
1727	1
1728	1
1729	1
1730	0
1731	1
1732	1
1733	1
1734	1
1735	1
1736	1
1737	0
1738	1
1739	1
1740	1
1741	1
1742	1
1743	1
1744	1
1745	1
1746	1
1747	1
1748	1
1749	1
1750	1
1751	1
1752	1
1753	1
1754	1
1755	1
1756	1
1757	1
1758	1
1759	1
1760	1
1761	1
1762	1
1763	1
1764	1
1765	1
1766	1
1767	1
1768	1
1769	0
1770	1
1771	1
1772	1
1773	1
1774	1
1775	1
1776	1
1777	0
1778	1
1779	1
1780	1
1781	1
1782	0
1783	0
1784	0
1785	1
1786	1
1787	1
1788	1
1789	1
1790	1
1791	1
1792	1
1793	1
1794	1
1795	1
1796	1
1797	1
1798	1
1799	1
1800	1
1801	1
1802	0
1803	0
1804	1
1805	1
1806	1
1807	1
1808	1
1809	1
1810	1
1811	1
1812	1
1813	1
1814	1
1815	0
1816	1
1817	1
1818	1
1819	1
1820	0
1821	0
1822	1
1823	1
1824	1
1825	1
1826	1
1827	1
1828	1
1829	1
1830	1
1831	1
1832	1
1833	1
1834	1
1835	1
1836	1
1837	1
1838	1
1839	1
1840	1
1841	1
1842	1
1843	1
1844	0
1845	0
1846	1
1847	1
1848	1
1849	0
1850	1
1851	1
1852	1
1853	1
1854	1
1855	1
1856	1
1857	1
1858	1
1859	1
1860	1
1861	0
1862	1
1863	1
1864	1
1865	1
1866	1
1867	1
1868	1
1869	1
1870	1
1871	1
1872	1
1873	1
