2
3
6
7
15
16
18
19
21
23
24
25
28
31
35
39
40
45
47
48
50
52
54
55
58
59
61
62
64
66
67
69
72
76
78
81
82
122
126
139
150
155
156
157
158
164
165
166
172
178
180
185
186
187
188
189
227
229
235
237
238
241
242
247
249
250
261
263
265
266
270
279
280
309
326
327
339
341
343
346
363
369
370
371
372
374
376
379
381
383
392
393
394
395
400
401
402
420
422
426
427
429
435
437
438
439
440
441
443
444
445
446
448
450
451
455
465
467
468
469
470
471
474
475
476
480
481
484
485
486
487
488
489
490
492
494
495
498
499
501
504
512
515
517
518
521
523
524
528
534
535
536
540
542
545
549
550
552
553
556
558
560
563
567
568
570
571
575
579
588
589
591
592
593
594
595
596
597
603
631
633
634
635
646
647
671
675
685
686
687
693
694
703
705
709
713
717
718
719
721
722
744
753
754
755
756
757
759
760
761
791
812
823
835
840
846
848
853
854
856
857
858
859
868
871
872
873
876
879
880
881
882
883
884
889
893
894
915
925
930
940
943
949
961
966
967
968
969
971
976
979
980
982
985
988
989
1000
1002
1003
1005
1007
1009
1012
1013
1014
1015
1016
1017
1018
1019
1020
1021
1022
1023
1024
1037
1040
1041
1043
1049
1054
1056
1063
1064
1068
1077
1079
1084
1086
1088
1091
1094
1095
1096
1097
1099
1100
1102
1113
1116
1119
1120
1123
1124
1125
1126
1127
1150
1153
1181
1218
1222
1223
1224
1225
1226
1227
1228
1229
1236
1237
1248
1250
1251
1253
1255
1260
1261
1269
1273
1274
1278
1279
1284
1286
1287
1288
1289
1290
1291
1293
1295
1296
1297
1299
1304
1305
1310
1311
1313
1315
1316
1320
1322
1345
1348
1349
1351
1354
1365
1377
1381
1383
1388
1429
1432
1437
1439
1441
1442
1454
1463
1467
1468
1472
1493
1498
1502
1503
1508
1509
1512
1534
1536
1544
1552
1561
1563
1564
1570
1571
1572
1574
1575
1578
1582
1585
1586
1588
1591
1592
1593
1601
1610
1620
1643
1646
1653
1655
1658
1659
1660
1661
1662
1670
1672
1677
1679
1680
1683
1689
1690
1695
1701
1702
1706
1709
1710
1711
1712
1714
1716
1718
1723
1725
1729
1731
1732
1735
1743
1744
1745
1746
1751
1753
1761
1762
1764
1768
1769
1777
1778
1779
1793
1798
1801
1811
1817
1828
1845
1848
1869
1886
1890
1891
1892
1899
1900
1901
1902
1905
1906
1907
1909
1910
1911
1927
1952
1954
1972
1981
1983
1985
1989
1991
1993
1994
1995
1996
1997
2000
2002
2003
2005
2006
2008
2009
2010
2013
2017
2018
2019
2026
2027
2030
2031
2033
2034
2036
2037
2038
2039
2040
2045
2049
2058
2060
2065
2066
2068
2070
2073
2074
2081
2086
2087
2089
2091
2092
2093
2094
2095
2096
2099
2100
2101
2105
2107
2109
2110
2111
2112
2116
2118
2120
2121
2122
2126
2129
2130
2135
2136
2137
2138
2139
2142
2143
2144
2150
2151
2153
2156
2160
2161
2162
2163
2165
2168
2169
2172
2173
2174
2175
2176
2177
2178
2180
2181
2183
2184
2185
2186
2189
2190
2191
2200
2202
2203
2204
2206
2207
2210
2211
2213
2214
2216
2217
2218
2220
2225
2226
2227
2234
2237
2238
2240
2241
2244
2246
2247
2248
2249
2250
2252
2253
2257
2258
2263
2268
2271
2272
2277
2278
2279
2280
2284
2285
2286
2288
2293
2297
2301
2303
2304
2321
2334
2335
2337
2342
2343
2344
2346
2347
2348
2349
2352
2360
2365
2368
2375
2379
2380
2381
2383
2390
2397
2398
2399
2400
2403
2404
2405
2406
2408
2410
2413
2414
2415
2416
2417
2418
2420
2424
2426
2429
2431
2436
2439
2440
2441
2442
2443
2445
2449
2450
2452
2455
2456
2457
2458
2461
2462
2473
2475
2476
2477
2480
2481
2482
2483
2485
2487
2501
2522
2523
2526
2533
2534
2535
2536
2537
2538
2541
2542
2547
2552
2553
2556
2557
2561
2569
2570
2571
2575
2576
2578
2580
2581
2582
2584
2585
2586
2587
2590
2592
2593
2595
2599
2615
2616
2620
2623
2625
2627
2628
2631
2634
2642
2677
2679
2680
2684
2685
2691
2694
2696
2697
2704
2708
2709
2715
2728
2729
2731
2744
2747
2751
2754
2756
2757
2759
2760
2761
2763
2765
2766
2767
2768
2777
2790
2792
2793
2794
2796
2797
2803
2810
2813
2819
2820
2821
2823
2825
2826
2833
2836
2837
2840
2841
2848
2850
2858
2859
2861
2863
2864
2871
2872
2873
2875
2877
2887
2889
2891
2892
2895
2896
2897
2898
2899
2902
2905
2906
2911
2919
2922
2954
2956
2958
2963
2969
2972
2980
2986
3013
3040
3057
3062
3063
3064
3076
3118
3147
3151
3153
3154
3156
3157
3158
3168
3169
3171
3172
3173
3174
3178
3182
3183
3191
3194
3196
3197
3198
3203
3204
3206
3209
3218
3219
3220
3221
3222
3224
3225
3230
3231
3237
3238
3242
3254
3261
3262
3272
3275
3279
3280
3282
3288
3298
3299
3300
3303
3330
3334
3336
3339
3359
3370
3373
3380
3385
3399
3408
3416
3421
3428
3429
3454
3459
3472
3481
3490
3493
3505
3509
3511
3518
3521
3528
3529
3530
3576
3613
3620
3633
3649
3678
3718
3721
3727
3739
3794
3834
3837
3839
3844
3887
3888
3902
3903
3986
3987
3989
3991
3992
3993
3994
4000
4001
4003
4004
4012
4014
4030
4033
4036
4044
4068
4069
4075
4077
4078
4079
4080
4081
4098
4099
4109
4115
4116
4118
4119
4121
4122
4123
4125
4129
4150
4151
4154
4166
4167
4169
4170
4171
4179
4180
4183
4186
4195
4196
4197
4201
4203
4206
4209
4211
4212
4216
4218
4220
4221
4222
4225
4227
4235
4251
4260
4282
4307
4308
4345
4346
4364
4366
4369
4370
4374
4376
4378
4379
4381
4382
4389
4399
4405
4409
4411
4427
4437
4439
4446
4447
4455
4456
4464
4468
4470
4471
4472
4473
4480
4508
4511
4512
4515
4525
4528
4529
4542
4544
4554
4560
4562
4564
4568
4569
4571
4572
4573
4574
4575
4577
4578
4579
4580
4585
4588
4591
4602
4603
4605
4609
4611
4612
4613
4631
4646
4647
4675
4697
4698
4702
4704
4705
4706
4707
4708
4709
4710
4713
4718
4724
4726
4727
4728
4734
4736
4737
4738
4744
4745
4746
4748
4753
4756
4757
4758
4759
4760
4761
4766
4768
4771
4772
4773
4775
4790
4792
4794
4796
4797
4798
4800
4801
4802
4803
4804
4807
4809
4810
4811
4812
4813
4814
4815
4816
4817
4818
4819
4820
4821
4823
4824
4825
4829
4833
4834
4837
4840
4841
4842
4843
4844
4847
4848
4850
4851
4853
4856
4858
4863
4864
4865
4867
4869
4874
4879
4882
4883
4884
4885
4886
4888
4889
4890
4891
4893
4894
4896
4897
4898
4899
4900
4901
4902
4903
4904
4905
4906
4908
4909
4911
4912
4913
4915
4920
4921
4922
4923
4924
4927
4928
4929
4932
4936
4940
4941
4942
4946
4948
4952
4953
4957
4958
4964
4970
4973
4974
4975
4977
4978
4991
4993
4995
4996
4997
5000
5001
5003
5006
5009
5010
5011
5013
5014
5015
5016
5017
5019
5020
5022
5023
5024
5026
5030
5032
5033
5034
5037
5038
5039
5044
5046
5051
5054
5059
5065
5073
5085
5108
5111
5113
5118
5119
5123
5124
5126
5143
5144
5145
5146
5147
5148
5149
5158
5161
5186
5249
5250
5251
5253
5255
5257
5258
5263
5265
5266
5268
5270
5277
5283
5288
5295
5296
5297
5299
5302
5304
5305
5307
5310
5318
5338
5339
5342
5344
5353
5358
5361
5364
5365
5367
5370
5371
5373
5374
5375
5376
5378
5379
5400
5402
5405
5406
5407
5451
5460
5468
5480
5495
5496
5510
5527
5530
5534
5610
5615
5616
5686
5700
5701
5734
5748
5753
5815
5816
5818
5824
5828
5833
5837
5838
5839
5842
5843
5845
5847
5848
5849
5857
5860
5863
5864
5871
5872
5873
5874
5875
5884
5886
5887
5888
5898
5899
5900
5904
5907
5912
5914
5916
5920
5922
5923
5927
5929
5930
5931
5932
5940
5941
5945
5953
5957
5960
5962
5964
5982
5983
5988
5990
5993
5995
5998
5999
6004
6009
6018
6020
6022
6024
6033
6034
6035
6036
6037
6038
6040
6041
6048
6050
6053
6055
6074
6076
6078
6081
6083
6084
6091
6092
6093
6095
6097
6100
6105
6106
6107
6108
6111
6115
6116
6117
6145
6150
6154
6155
6156
6157
6158
6159
6160
6161
6163
6164
6165
6166
6167
6169
6178
6179
6180
6182
6184
6185
6187
6188
6189
6194
6196
6197
6198
6199
6200
6203
6205
6206
6208
6209
6210
6212
6214
6215
6219
6220
6221
6226
6228
6229
6230
6231
6232
6233
6234
6235
6236
6237
6238
6240
6241
6242
6243
6244
6245
6246
6252
6253
6254
6255
6258
6260
6261
6263
6269
6270
6271
6276
6279
6280
6283
6286
6291
6295
6297
6300
6314
6315
6319
6320
6321
6324
6334
6339
6347
6348
6364
6365
6366
6368
6369
6371
6372
6373
6374
6375
6376
6377
6380
6381
6382
6384
6385
6386
6387
6388
6389
6390
6391
6393
6394
6395
6396
6397
6398
6399
6400
6401
6402
6403
6404
6405
6406
6408
6409
6410
6413
6414
6415
6416
6417
6419
6420
6421
6422
6425
6426
6427
6428
6429
6430
6431
6438
6443
6445
6446
6447
6449
6453
6454
6456
6457
6463
6469
6485
6488
6489
6504
6505
6506
6507
6515
6516
6519
6522
6523
6526
6527
6532
6534
6542
6575
6578
6592
6593
6595
6598
6606
6608
6613
6618
6626
6637
6639
6643
6645
6646
6651
6658
6665
6675
6698
6699
6715
6720
6721
6722
6724
6725
6735
6736
6738
6739
6741
6746
6754
6758
6759
6760
6761
6762
6763
6764
6765
6770
6771
6772
6773
6774
6777
6781
6782
6783
6785
6787
6794
6804
6810
6812
6816
6818
6819
6820
6822
6833
6838
6839
6840
6846
6858
6873
6878
6881
6886
6887
6888
6896
6899
6907
6917
6929
6934
6936
6939
6943
6952
6956
6963
6965
6966
6969
6970
6972
6974
6975
6977
6978
6979
6986
6987
6989
6990
6993
6995
6996
6999
7002
7003
7011
7013
7019
7021
7025
7029
7035
7039
7041
7044
7055
7056
7059
7061
7066
7069
7070
7071
7072
7073
7074
7075
7078
7079
7080
7081
7082
7085
7086
7092
7093
7094
7095
7098
7099
7100
7102
7103
7104
7121
7145
7147
7169
7178
7180
7183
7187
7199
7201
7202
7204
7206
7207
7209
7211
7213
7221
7224
7225
7229
7230
7233
7234
7236
7237
7238
7240
7241
7242
7244
7245
7247
7249
7253
7254
7255
7257
7258
7259
7260
7261
7264
7269
7270
7272
7273
7278
7281
7282
7283
7284
7286
7288
7290
7292
7295
7296
7297
7298
7300
7301
7303
7305
7311
7312
7317
7318
7319
7320
7323
7325
7326
7327
7329
7334
7335
7336
7337
7343
7350
7368
7371
7372
7387
7388
7389
7390
7398
7399
7402
7405
7406
7409
7410
7416
7418
7426
7458
7461
7475
7476
7478
7481
7489
7491
7496
7501
7509
7520
7522
7526
7528
7529
7533
7540
7547
7557
7579
7580
7597
7599
7601
7602
7606
7612
7613
7619
7621
7622
7631
7635
