150
155
182
186
463
479
491
495
538
699
748
750
1092
1095
1923
1940
2138
2663
2790
2876
2880
2889
2906
2910
3435
3539
3543
3544
3579
3925
3929
3933
3937
3941
3945
3949
3953
3959
3963
3968
3972
3978
3983
3987
3991
3996
4001
4007
4013
4018
4024
4032
4038
4045
4050
4055
4060
4067
4073
4079
4085
4091
4096
4101
4107
4113
4119
4126
4132
4138
4143
4149
4155
4160
4166
4171
4177
4183
4188
4193
4198
4204
4209
4215
4221
4227
4232
4236
4240
4245
4250
4254
4258
4263
4267
4272
4278
4282
4287
4292
4296
4301
4307
4311
4315
4319
4324
4329
4333
4338
4342
4346
4350
4354
4358
4362
4366
4370
4374
4380
4384
4388
4392
4397
4402
4407
4411
4415
4421
4426
4430
4434
4440
4446
4451
4455
4459
4463
4467
4471
4475
4479
4485
4489
4493
4498
4502
4506
4510
4516
4522
4526
4530
4534
4539
4543
4547
4552
4556
4560
4565
4571
4575
4580
4585
4590
4594
4599
4603
4609
4613
4618
4624
4628
4632
4637
4641
4647
4653
4658
4663
4668
4672
4678
4682
4686
4691
4696
4700
4705
4710
4715
4721
4725
4729
4734
4739
4744
4748
4754
4760
4765
4770
4775
4779
4784
4788
4792
4798
4802
4807
4811
4816
4821
4826
4830
4835
4840
4845
4850
4855
4860
4864
4870
4875
4880
4884
4889
4893
4897
4903
4909
4913
4918
4922
4926
4930
4935
4940
4944
4949
4954
4959
4964
4969
4973
4979
4984
4988
4993
4998
5003
5009
5013
5018
5023
5029
5034
5039
5044
5049
5055
5059
5064
5068
5073
5081
5093
5099
5105
5110
5115
5120
5126
5131
5137
5141
5146
5150
5156
5161
5171
5176
5182
5186
5188
5191
5193
5196
5198
5202
5204
5208
5210
5213
5215
5219
5221
5226
5228
5233
5235
5240
5242
5245
5247
5251
5253
5257
5259
5263
5265
5268
5270
5273
5275
5279
5281
5284
5286
5289
5291
5294
5296
5300
5302
5305
5307
5310
5312
5316
5318
5324
5326
5329
5331
5337
5339
5343
5345
5349
5351
5354
5356
5360
5362
5367
5369
5372
5374
5378
5380
5383
5385
5388
5390
5396
5398
5401
5403
5407
5409
5412
5414
5418
5421
5425
5427
5431
5433
5437
5439
5445
5447
5450
5452
5456
5458
5462
5464
5467
5469
5472
5474
5478
5480
5484
5486
5489
5491
5494
5496
5500
5502
5505
5507
5510
5512
5516
5518
5522
5524
5528
5530
5534
5536
5540
5542
5545
5547
5550
5552
5558
5560
5563
5565
5568
5570
5574
5576
5579
5581
5585
5587
5590
5592
5595
5597
5600
5602
5605
5607
5612
5614
5617
5619
5622
5624
5629
5631
5635
5637
5641
5643
5647
5649
5655
5657
5661
5663
5667
5669
5672
5674
5677
5679
5684
5686
5689
5691
5981
5988
6322
6484
6492
6756
6936
7048
7103
7669
7913
7914
7915
7916
7917
7918
7919
7935
8358
8681
8692
9308
9314
9318
9326
9339
9340
9361
9391
9392
9394
9395
9400
9401
9411
9412
9642
9664
9675
9694
9701
9727
9731
9894
10167
10170
10778
11113
11510
