1
11
17
26
29
33
34
36
37
38
41
42
43
49
51
53
56
65
77
79
80
83
84
85
86
87
88
89
90
91
92
94
95
96
97
98
99
100
101
102
104
105
106
107
108
118
120
121
230
231
232
233
234
236
239
240
243
244
245
246
248
251
252
253
254
255
256
257
258
259
260
262
264
267
268
269
271
272
273
274
275
276
277
278
281
282
283
284
285
286
287
288
289
290
291
292
293
294
295
296
297
298
299
300
301
302
303
304
305
306
307
310
311
312
313
314
315
316
317
318
319
320
321
322
323
324
325
328
329
332
333
334
335
336
337
338
340
342
344
347
348
349
350
351
352
353
355
357
358
359
362
364
365
366
367
368
373
375
377
396
397
398
399
424
434
442
452
454
456
457
458
459
460
461
462
463
464
466
472
473
491
493
496
497
500
503
505
506
507
508
509
510
511
513
514
516
519
522
525
526
527
532
537
538
539
541
543
544
546
547
551
554
557
559
562
573
574
576
577
580
584
587
590
598
599
600
605
606
607
608
609
610
611
612
613
614
615
616
617
618
619
620
621
622
623
624
625
626
627
628
629
630
632
636
640
642
650
652
657
659
666
669
670
678
682
683
699
711
746
747
748
751
758
845
847
849
850
851
852
860
861
862
863
864
865
866
867
869
870
878
895
896
897
898
899
900
901
902
903
904
905
906
907
908
909
910
911
912
913
914
916
917
918
919
920
921
922
923
924
926
927
928
931
932
947
992
1038
1039
1044
1045
1046
1047
1048
1065
1066
1067
1074
1080
1081
1082
1083
1085
1089
1092
1115
1122
1129
1134
1135
1136
1137
1138
1139
1140
1142
1144
1145
1146
1147
1148
1149
1154
1155
1157
1166
1170
1175
1176
1182
1183
1187
1189
1190
1191
1194
1195
1196
1197
1198
1200
1201
1202
1207
1208
1209
1211
1213
1214
1235
1252
1262
1266
1270
1272
1276
1277
1281
1282
1292
1306
1307
1309
1312
1314
1317
1328
1366
1367
1368
1372
1373
1378
1433
1435
1448
1464
1481
1510
1553
1554
1557
1558
1559
1560
1576
1616
1617
1618
1619
1631
1639
1654
1663
1664
1678
1681
1682
1684
1685
1686
1687
1688
1691
1692
1693
1694
1696
1697
1698
1699
1700
1703
1704
1705
1707
1708
1713
1715
1717
1719
1720
1721
1722
1724
1726
1727
1728
1730
1733
1736
1737
1740
1741
1742
1747
1748
1749
1750
1752
1754
1755
1756
1757
1758
1759
1760
1766
1866
1903
1904
1908
1928
1936
1937
1949
1955
1956
1974
1992
1998
1999
2004
2007
2012
2015
2020
2021
2022
2023
2025
2029
2042
2046
2048
2050
2051
2054
2059
2061
2062
2067
2069
2071
2072
2075
2076
2077
2078
2079
2080
2082
2083
2084
2085
2088
2098
2103
2108
2113
2114
2115
2117
2124
2125
2128
2131
2132
2133
2134
2140
2141
2145
2146
2147
2148
2149
2152
2154
2155
2158
2164
2166
2167
2170
2179
2182
2187
2188
2192
2193
2194
2195
2196
2197
2198
2199
2205
2208
2209
2212
2219
2221
2222
2223
2224
2230
2231
2232
2233
2235
2236
2239
2242
2243
2245
2251
2254
2255
2256
2259
2260
2261
2262
2264
2265
2266
2267
2269
2270
2273
2274
2275
2276
2281
2282
2283
2287
2289
2290
2291
2294
2295
2296
2298
2299
2300
2302
2305
2306
2307
2308
2309
2310
2311
2312
2313
2314
2315
2316
2317
2318
2319
2320
2322
2323
2324
2325
2326
2327
2328
2329
2330
2331
2332
2333
2336
2338
2339
2340
2341
2345
2350
2351
2353
2354
2355
2356
2357
2358
2359
2361
2362
2363
2364
2366
2367
2369
2370
2371
2373
2374
2376
2377
2378
2382
2384
2385
2386
2387
2388
2389
2391
2392
2393
2394
2395
2396
2401
2402
2407
2411
2412
2422
2425
2427
2428
2437
2444
2451
2453
2454
2459
2478
2479
2484
2498
2528
2529
2540
2543
2551
2558
2559
2560
2562
2563
2564
2565
2566
2567
2568
2574
2577
2579
2594
2606
2607
2617
2618
2619
2629
2632
2633
2635
2636
2637
2647
2658
2667
2668
2669
2670
2671
2672
2678
2681
2683
2686
2692
2693
2695
2698
2699
2700
2710
2711
2712
2713
2714
2721
2730
2732
2733
2750
2752
2753
2758
2769
2770
2780
2781
2783
2784
2789
2791
2799
2812
2816
2828
2829
2830
2831
2832
2834
2835
2838
2839
2842
2843
2844
2845
2846
2847
2849
2851
2852
2853
2854
2855
2856
2857
2860
2862
2865
2866
2867
2868
2869
2870
2874
2876
2879
2880
2881
2882
2883
2884
2885
2886
2888
2890
2900
2903
2920
2921
2923
2924
2926
2927
2928
2929
2930
2932
2934
2935
2936
2937
2938
2940
2941
2942
2944
2946
2947
2948
2949
2950
2951
2952
2957
2959
2964
2965
2967
2970
2971
2981
2982
3011
3022
3054
3058
3068
3078
3092
3112
3113
3114
3128
3131
3132
3133
3134
3139
3148
3159
3160
3161
3162
3163
3164
3165
3166
3167
3175
3176
3177
3180
3181
3185
3186
3187
3188
3189
3190
3192
3193
3195
3202
3205
3208
3217
3223
3226
3239
3240
3241
3243
3244
3245
3246
3247
3248
3249
3250
3251
3252
3253
3255
3256
3257
3258
3259
3260
3263
3264
3265
3266
3267
3268
3269
3270
3271
3274
3276
3277
3278
3283
3284
3285
3286
3287
3289
3290
3291
3292
3293
3294
3295
3296
3297
3301
3304
3306
3308
3311
3312
3313
3314
3315
3316
3317
3318
3319
3320
3321
3322
3323
3324
3325
3326
3327
3340
3343
3345
3346
3357
3362
3376
3406
3414
3431
3432
3448
3451
3502
3559
3581
3583
3606
3621
3634
3635
3636
3637
3638
3639
3640
3641
3642
3643
3644
3645
3646
3647
3648
3650
3651
3652
3653
3655
3656
3666
3667
3673
3675
3676
3677
3717
3720
3734
3740
3779
3786
3807
3814
3831
3833
3836
3840
3852
3868
3890
3893
3897
3898
3954
3976
3977
3984
4002
4006
4007
4008
4009
4010
4011
4013
4016
4017
4018
4019
4020
4021
4022
4023
4024
4025
4026
4027
4028
4029
4031
4032
4034
4035
4037
4038
4039
4040
4041
4042
4043
4045
4046
4047
4048
4049
4050
4051
4052
4053
4054
4055
4056
4057
4058
4059
4060
4061
4062
4063
4064
4065
4066
4067
4070
4071
4072
4073
4074
4076
4082
4083
4084
4085
4086
4087
4088
4089
4090
4091
4092
4093
4094
4095
4096
4097
4100
4101
4102
4103
4104
4105
4106
4107
4108
4110
4111
4112
4113
4114
4126
4127
4128
4130
4131
4132
4133
4134
4135
4136
4137
4138
4139
4140
4141
4142
4143
4144
4145
4146
4147
4148
4149
4152
4153
4155
4156
4157
4158
4159
4160
4161
4162
4163
4164
4165
4173
4174
4176
4177
4178
4181
4182
4184
4188
4198
4199
4200
4204
4205
4210
4214
4223
4224
4226
4228
4244
4245
4246
4247
4248
4249
4250
4252
4253
4254
4255
4257
4258
4259
4261
4262
4263
4264
4265
4266
4267
4268
4269
4270
4271
4272
4273
4274
4275
4276
4277
4278
4279
4280
4283
4284
4285
4286
4287
4288
4289
4290
4291
4292
4293
4294
4295
4296
4297
4298
4299
4300
4301
4302
4303
4304
4305
4306
4309
4310
4311
4312
4313
4314
4315
4316
4317
4318
4319
4320
4321
4322
4323
4324
4325
4326
4327
4328
4329
4330
4331
4332
4333
4334
4335
4336
4337
4338
4339
4340
4341
4342
4343
4344
4347
4348
4349
4350
4351
4354
4356
4357
4358
4359
4360
4361
4362
4363
4365
4367
4371
4372
4375
4377
4380
4383
4384
4387
4388
4392
4393
4394
4395
4398
4400
4402
4403
4404
4406
4407
4408
4410
4412
4413
4414
4415
4416
4417
4418
4419
4420
4421
4422
4423
4424
4425
4426
4428
4429
4430
4431
4432
4433
4434
4435
4436
4438
4440
4441
4442
4443
4444
4445
4448
4449
4450
4451
4452
4453
4454
4457
4458
4459
4460
4461
4462
4465
4466
4467
4469
4474
4475
4476
4478
4479
4481
4482
4483
4484
4485
4486
4487
4488
4489
4490
4491
4492
4493
4494
4495
4496
4497
4498
4499
4500
4501
4502
4503
4504
4505
4507
4509
4510
4513
4514
4516
4518
4519
4520
4523
4524
4526
4527
4530
4531
4533
4534
4537
4540
4541
4545
4563
4565
4570
4576
4593
4596
4601
4604
4607
4610
4614
4615
4616
4617
4618
4619
4620
4621
4622
4623
4624
4625
4626
4627
4628
4629
4630
4632
4633
4634
4635
4636
4637
4638
4639
4640
4641
4642
4643
4644
4645
4648
4649
4650
4651
4652
4653
4654
4655
4656
4657
4658
4659
4660
4661
4662
4663
4664
4665
4666
4667
4668
4669
4670
4671
4672
4673
4674
4676
4677
4678
4679
4680
4681
4682
4683
4684
4685
4686
4687
4688
4689
4690
4691
4692
4693
4694
4695
4696
4699
4700
4701
4719
4720
4722
4723
4725
4747
4751
4754
4755
4764
4765
4767
4769
4770
4774
4776
4777
4778
4779
4780
4781
4782
4783
4784
4785
4786
4787
4788
4789
4791
4793
4805
4806
4808
4822
4826
4827
4828
4830
4831
4832
4835
4836
4838
4839
4845
4846
4849
4852
4854
4855
4857
4859
4860
4861
4862
4866
4868
4870
4871
4872
4873
4875
4876
4877
4878
4880
4881
4887
4895
4907
4910
4914
4916
4917
4918
4919
4925
4926
4930
4931
4933
4934
4935
4937
4938
4939
4943
4944
4945
4947
4949
4950
4951
4954
4955
4956
4959
4960
4961
4962
4963
4965
4966
4967
4968
4969
4971
4972
4976
4979
4980
4981
4982
4983
4984
4985
4986
4987
4988
4989
4994
4999
5002
5007
5008
5012
5018
5021
5025
5027
5028
5029
5031
5045
5048
5053
5055
5057
5058
5060
5061
5063
5064
5066
5067
5068
5069
5070
5071
5090
5128
5142
5150
5151
5152
5153
5154
5156
5159
5162
5163
5164
5165
5166
5167
5169
5170
5171
5172
5173
5174
5175
5176
5177
5178
5179
5180
5181
5182
5183
5185
5188
5189
5190
5191
5192
5193
5194
5195
5196
5197
5198
5199
5200
5201
5202
5203
5204
5205
5206
5207
5208
5209
5210
5211
5212
5213
5214
5215
5216
5217
5218
5219
5220
5221
5222
5223
5224
5225
5226
5227
5228
5229
5230
5231
5232
5233
5234
5235
5236
5237
5238
5239
5240
5241
5242
5243
5244
5245
5246
5247
5248
5259
5260
5261
5267
5282
5284
5286
5327
5347
5368
5381
5387
5391
5399
5462
5464
5561
5606
5841
5844
5846
5850
5879
5889
5892
5897
5902
5915
5917
5918
5919
5921
5947
5948
5950
5951
5952
5954
5955
5958
5961
5963
5997
6000
6001
6002
6003
6014
6023
6039
6042
6043
6044
6049
6054
6056
6057
6058
6059
6060
6061
6062
6063
6065
6066
6069
6070
6072
6075
6088
6089
6096
6098
6120
6170
6171
6172
6181
6183
6186
6190
6191
6192
6193
6204
6207
6211
6213
6218
6222
6239
6247
6249
6250
6251
6256
6262
6264
6265
6267
6273
6274
6275
6281
6287
6288
6292
6293
6299
6325
6326
6327
6328
6329
6330
6331
6332
6333
6335
6336
6337
6338
6344
6345
6352
6353
6354
6367
6378
6379
6392
6407
6411
6412
6418
6432
6433
6434
6435
6436
6437
6439
6440
6441
6442
6448
6450
6451
6452
6458
6462
6464
6465
6466
6468
6477
6478
6479
6480
6482
6483
6484
6486
6487
6492
6493
6494
6495
6498
6499
6500
6508
6509
6510
6511
6512
6520
6521
6524
6525
6528
6529
6530
6531
6533
6535
6536
6537
6538
6539
6540
6541
6543
6544
6545
6546
6547
6548
6549
6550
6551
6552
6553
6554
6556
6557
6558
6559
6560
6561
6562
6563
6564
6565
6567
6568
6569
6570
6571
6572
6573
6574
6576
6577
6579
6580
6581
6582
6583
6584
6585
6586
6587
6588
6589
6590
6591
6594
6596
6597
6599
6600
6601
6602
6603
6604
6605
6607
6609
6610
6611
6612
6614
6615
6616
6617
6619
6620
6621
6622
6623
6624
6625
6627
6628
6629
6630
6631
6632
6633
6634
6635
6636
6638
6640
6641
6642
6644
6647
6648
6649
6652
6654
6655
6656
6657
6659
6660
6661
6662
6663
6664
6666
6667
6668
6669
6670
6671
6672
6673
6674
6676
6678
6679
6680
6681
6682
6683
6684
6685
6686
6687
6689
6690
6691
6692
6693
6694
6695
6697
6700
6701
6702
6704
6705
6706
6707
6712
6713
6716
6717
6723
6726
6766
6768
6779
6780
6798
6803
6805
6807
6823
6832
6841
6842
6843
6844
6845
6851
6852
6853
6854
6855
6856
6860
6861
6862
6863
6864
6865
6870
6871
6872
6874
6875
6876
6877
6879
6880
6882
6883
6884
6885
6889
6890
6891
6892
6893
6894
6895
6897
6898
6900
6901
6902
6903
6904
6905
6906
6908
6909
6910
6911
6913
6914
6915
6916
6920
6922
6924
6925
6927
6928
6930
6931
6933
6935
6937
6938
6940
6941
6942
6944
6945
6946
6947
6948
6949
6950
6951
6953
6954
6955
6957
6958
6959
6960
6961
6962
6967
6968
6973
6976
6980
6983
6984
6988
6997
7004
7005
7006
7007
7008
7009
7010
7012
7014
7015
7016
7017
7018
7020
7022
7023
7067
7068
7096
7097
7101
7122
7129
7130
7142
7148
7149
7171
7205
7208
7216
7223
7226
7239
7243
7246
7248
7256
7265
7266
7267
7268
7271
7274
7276
7280
7287
7293
7299
7302
7307
7328
7331
7332
7333
7338
7342
7344
7345
7347
7349
7359
7360
7361
7362
7365
7366
7367
7369
7370
7375
7376
7377
7378
7380
7382
7383
7384
7391
7392
7393
7394
7395
7403
7404
7407
7408
7411
7412
7413
7414
7415
7417
7419
7420
7421
7422
7423
7424
7425
7427
7428
7429
7430
7431
7432
7433
7434
7435
7436
7437
7439
7440
7441
7442
7443
7444
7445
7446
7447
7448
7450
7451
7452
7453
7454
7455
7456
7457
7459
7460
7462
7463
7464
7465
7466
7467
7468
7469
7470
7471
7472
7473
7474
7477
7479
7480
7482
7483
7484
7485
7486
7487
7488
7490
7492
7493
7494
7495
7497
7498
7499
7500
7502
7503
7504
7505
7506
7507
7508
7510
7511
7512
7513
7514
7515
7516
7517
7518
7519
7521
7523
7524
7525
7527
7530
7531
7532
7536
7537
7538
7539
7541
7542
7543
7544
7545
7546
7548
7549
7550
7551
7552
7553
7554
7555
7556
7558
7560
7561
7562
7563
7564
7565
7566
7567
7568
7570
7571
7572
7573
7574
7575
7576
7578
7581
7582
7583
7584
7586
7587
7588
7589
7594
7595
7598
7616
7624
