0
8
20
22
27
70
103
109
110
115
116
119
124
140
147
159
161
163
167
168
169
170
171
173
174
175
176
177
179
181
184
191
192
193
194
195
196
197
198
200
201
203
204
205
206
208
209
210
211
212
213
214
215
216
217
218
219
220
222
224
225
226
228
308
345
378
380
390
421
436
447
449
477
478
479
482
561
569
572
582
585
586
601
604
638
639
641
643
644
648
649
651
653
654
655
656
658
660
661
662
663
667
668
672
673
674
676
677
679
680
681
684
688
689
690
691
692
695
698
700
714
715
716
720
723
724
725
726
727
728
729
730
731
732
733
734
735
736
739
740
741
742
743
745
749
750
752
762
765
771
776
778
779
785
802
803
804
806
810
821
841
843
855
874
875
877
885
886
929
938
939
941
942
951
952
954
964
965
973
978
983
984
986
990
991
993
994
995
996
997
998
999
1004
1006
1008
1010
1011
1025
1026
1027
1028
1029
1030
1031
1032
1033
1034
1035
1036
1042
1050
1051
1052
1053
1055
1057
1058
1059
1060
1061
1062
1069
1070
1071
1072
1075
1076
1078
1087
1098
1101
1103
1118
1121
1205
1206
1210
1212
1215
1217
1230
1231
1232
1233
1238
1240
1241
1242
1243
1244
1245
1246
1247
1254
1263
1264
1300
1301
1302
1303
1308
1318
1321
1323
1325
1326
1327
1336
1338
1339
1340
1341
1342
1343
1344
1346
1347
1350
1352
1353
1355
1356
1357
1358
1359
1360
1361
1362
1363
1364
1369
1370
1371
1374
1375
1376
1379
1380
1382
1384
1386
1389
1390
1391
1392
1393
1394
1395
1396
1397
1398
1399
1400
1401
1402
1403
1404
1406
1407
1408
1409
1410
1411
1412
1413
1414
1415
1416
1417
1419
1420
1421
1422
1423
1424
1425
1426
1427
1428
1430
1431
1434
1436
1438
1443
1444
1445
1446
1447
1449
1450
1451
1452
1453
1455
1456
1457
1458
1459
1460
1462
1466
1469
1470
1471
1474
1475
1476
1477
1478
1479
1482
1483
1484
1485
1486
1487
1488
1489
1490
1491
1494
1495
1496
1497
1499
1500
1501
1504
1505
1506
1507
1511
1513
1514
1515
1516
1517
1518
1519
1520
1521
1522
1523
1524
1525
1526
1527
1528
1529
1530
1531
1532
1533
1538
1539
1540
1541
1542
1545
1546
1547
1548
1549
1550
1551
1562
1565
1566
1567
1568
1569
1573
1580
1583
1594
1596
1597
1599
1605
1606
1608
1632
1635
1638
1640
1642
1644
1652
1657
1671
1773
1774
1775
1794
1795
1797
1800
1803
1804
1812
1815
1822
1827
1832
1833
1834
1837
1838
1839
1841
1842
1843
1844
1846
1847
1849
1850
1851
1855
1856
1857
1858
1859
1861
1862
1864
1868
1870
1871
1872
1873
1874
1877
1878
1879
1885
1887
1889
1893
1894
1895
1896
1897
1898
1913
1916
1917
1918
1920
1929
1930
1931
1933
1935
1951
1961
1964
1965
1966
1967
1968
1969
1970
1971
1975
1976
1977
1978
1979
1986
1988
1990
2001
2014
2016
2024
2028
2041
2047
2056
2057
2064
2090
2097
2106
2119
2123
2127
2157
2159
2201
2228
2229
2372
2419
2421
2430
2432
2435
2438
2446
2447
2448
2460
2463
2464
2465
2466
2467
2468
2469
2470
2471
2472
2474
2493
2494
2539
2544
2545
2546
2548
2549
2550
2554
2555
2572
2583
2588
2589
2591
2596
2597
2598
2600
2602
2608
2609
2611
2612
2613
2621
2622
2624
2626
2630
2638
2639
2640
2641
2643
2644
2645
2646
2648
2649
2650
2651
2652
2653
2654
2655
2656
2657
2659
2660
2661
2662
2664
2666
2673
2674
2675
2676
2682
2687
2688
2689
2690
2702
2705
2706
2720
2738
2742
2755
2762
2771
2772
2773
2774
2775
2776
2778
2779
2782
2785
2786
2787
2788
2815
2817
2822
2824
2827
2878
2893
2894
2901
2908
2909
2910
2914
2915
2916
2917
2918
2953
2955
2960
2961
2962
2966
2968
2975
2976
2977
2978
2979
2984
2985
2987
2988
2990
2991
2992
2994
2995
2996
2998
3000
3010
3012
3014
3017
3019
3023
3029
3031
3033
3034
3035
3041
3042
3043
3046
3047
3048
3049
3052
3055
3056
3059
3077
3085
3087
3088
3089
3090
3091
3103
3106
3111
3116
3117
3135
3136
3137
3138
3140
3141
3142
3143
3145
3146
3149
3150
3155
3170
3199
3207
3211
3212
3213
3214
3215
3216
3227
3228
3229
3232
3234
3235
3236
3302
3328
3329
3331
3332
3333
3335
3337
3341
3342
3348
3350
3351
3352
3353
3354
3358
3372
3375
3381
3382
3393
3394
3396
3397
3398
3401
3402
3403
3404
3405
3407
3411
3412
3417
3418
3426
3430
3433
3436
3437
3443
3445
3446
3447
3450
3452
3453
3458
3461
3462
3463
3464
3469
3471
3474
3477
3483
3487
3488
3489
3491
3492
3510
3515
3519
3527
3542
3543
3544
3545
3550
3554
3556
3557
3558
3560
3561
3562
3564
3565
3566
3567
3568
3569
3570
3571
3572
3573
3574
3575
3577
3578
3579
3580
3582
3584
3587
3588
3590
3591
3594
3595
3598
3599
3600
3601
3602
3603
3610
3614
3615
3616
3618
3619
3622
3623
3624
3625
3626
3627
3628
3629
3630
3631
3632
3654
3657
3658
3659
3660
3661
3662
3663
3664
3665
3668
3669
3670
3671
3672
3674
3679
3680
3682
3683
3684
3685
3686
3687
3688
3689
3690
3691
3692
3693
3695
3696
3698
3699
3700
3701
3702
3703
3704
3705
3706
3707
3708
3709
3710
3711
3713
3714
3715
3719
3722
3723
3724
3725
3726
3728
3729
3730
3731
3733
3736
3738
3741
3742
3743
3744
3745
3746
3747
3748
3749
3750
3751
3752
3753
3754
3755
3756
3757
3758
3759
3760
3761
3762
3763
3764
3765
3766
3767
3768
3769
3770
3771
3772
3773
3774
3775
3777
3778
3781
3783
3784
3785
3787
3788
3790
3791
3792
3795
3796
3797
3798
3799
3800
3801
3802
3803
3804
3805
3806
3808
3809
3810
3811
3812
3813
3815
3816
3817
3818
3819
3820
3821
3822
3823
3824
3825
3826
3828
3829
3830
3832
3835
3838
3841
3842
3843
3846
3847
3848
3849
3850
3851
3853
3854
3855
3856
3857
3858
3859
3860
3861
3862
3863
3864
3865
3866
3867
3869
3873
3874
3875
3876
3877
3878
3879
3881
3882
3883
3884
3885
3886
3889
3891
3892
3894
3895
3896
3899
3900
3905
3907
3912
3913
3914
3915
3916
3917
3918
3921
3922
3923
3924
3925
3926
3927
3928
3929
3930
3931
3932
3933
3934
3935
3936
3937
3938
3939
3940
3941
3942
3943
3944
3945
3947
3948
3949
3950
3951
3952
3953
3955
3956
3957
3958
3959
3960
3962
3963
3964
3965
3966
3967
3968
3969
3970
3971
3972
3973
3974
3975
3979
3982
3983
3990
3995
3996
3997
3998
3999
4005
4015
4120
4124
4172
4175
4185
4187
4189
4190
4191
4192
4193
4194
4202
4207
4208
4213
4215
4219
4229
4230
4231
4232
4233
4234
4236
4237
4238
4239
4240
4241
4242
4243
4281
4352
4353
4355
4368
4373
4396
4397
4401
4463
4477
4506
4521
4522
4532
4535
4536
4581
4583
4589
4590
4592
4594
4595
4597
4598
4599
4600
4606
4608
4703
4711
4714
4716
4717
4721
4739
4740
4749
4752
4762
4763
4795
4799
4892
4990
4992
4998
5005
5035
5036
5050
5052
5082
5083
5088
5092
5094
5104
5112
5115
5138
5155
5157
5160
5184
5256
5262
5264
5269
5271
5272
5273
5274
5276
5279
5280
5281
5285
5290
5291
5298
5300
5301
5306
5308
5309
5315
5316
5317
5319
5321
5325
5326
5329
5335
5337
5340
5341
5343
5350
5354
5359
5360
5362
5366
5372
5377
5380
5382
5383
5385
5386
5388
5393
5398
5450
5452
5455
5457
5458
5459
5469
5472
5473
5474
5475
5478
5479
5481
5494
5500
5501
5502
5503
5506
5520
5528
5529
5532
5535
5536
5540
5543
5544
5549
5559
5564
5565
5566
5568
5571
5573
5574
5575
5576
5578
5579
5580
5582
5584
5585
5589
5590
5601
5602
5603
5604
5605
5607
5608
5609
5611
5612
5613
5614
5617
5619
5620
5621
5622
5624
5627
5629
5630
5631
5636
5637
5638
5639
5640
5641
5642
5643
5645
5647
5654
5655
5656
5660
5661
5662
5663
5664
5665
5671
5672
5674
5675
5677
5679
5682
5683
5684
5685
5687
5688
5689
5690
5691
5692
5703
5704
5705
5707
5709
5710
5711
5712
5713
5716
5717
5722
5723
5726
5729
5742
5743
5745
5747
5749
5757
5758
5760
5762
5767
5773
5784
5789
5795
5804
5825
5835
5836
5840
5855
5856
5858
5859
5861
5862
5865
5866
5867
5868
5869
5870
5876
5877
5878
5880
5881
5883
5894
5895
5901
5906
5909
5910
5913
5926
5928
5933
5934
5942
5943
5944
5946
5949
5956
5959
5965
5966
5967
5968
5969
5970
5971
5972
5973
5974
5975
5976
5977
5978
5984
5985
5987
5991
5994
5996
6006
6007
6011
6015
6019
6021
6025
6026
6027
6028
6029
6030
6031
6032
6045
6046
6047
6051
6052
6064
6067
6068
6071
6077
6079
6080
6082
6085
6086
6087
6090
6099
6102
6104
6110
6114
6118
6121
6124
6130
6139
6140
6146
6147
6148
6149
6162
6173
6195
6201
6223
6224
6225
6227
6248
6257
6259
6266
6268
6272
6277
6282
6290
6294
6296
6298
6301
6302
6306
6308
6312
6316
6318
6340
6341
6342
6343
6346
6370
6383
6444
6455
6459
6460
6461
6470
6471
6472
6473
6474
6476
6481
6490
6491
6496
6497
6501
6502
6503
6513
6514
6517
6518
6555
6677
6688
6696
6703
6711
6718
6719
6727
6728
6729
6730
6731
6732
6733
6734
6737
6744
6755
6789
6801
6802
6811
6817
6834
6835
6836
6847
6848
6849
6859
6866
6867
6869
6912
6918
6923
6926
6964
6982
6985
6992
6994
6998
7000
7001
7026
7027
7028
7031
7032
7033
7034
7043
7045
7048
7050
7051
7053
7054
7057
7060
7062
7063
7064
7065
7076
7077
7084
7088
7089
7106
7109
7110
7111
7113
7119
7123
7124
7125
7127
7144
7154
7157
7158
7159
7160
7161
7162
7163
7164
7165
7166
7167
7168
7172
7173
7174
7175
7176
7181
7182
7184
7186
7203
7214
7215
7217
7218
7219
7222
7227
7228
7232
7235
7251
7252
7263
7275
7277
7279
7289
7291
7304
7306
7308
7309
7310
7316
7322
7324
7330
7339
7340
7341
7346
7351
7352
7353
7354
7355
7357
7358
7363
7364
7373
7374
7379
7381
7385
7386
7396
7397
7400
7401
7438
7534
7559
7569
7577
7585
7593
7600
7603
7607
7608
7611
7614
7617
7618
7620
7623
7625
7626
7627
7629
7630
7632
7633
7634
