14
33
65
66
73
74
107
109
128
136
141
156
161
162
181
206
209
212
216
217
222
232
266
270
271
285
287
294
302
308
323
324
330
368
370
371
378
416
419
420
421
423
426
428
431
432
435
437
438
440
442
443
449
453
454
456
457
459
460
462
465
469
470
473
474
478
482
484
485
488
489
490
493
498
505
509
514
530
532
554
558
567
582
593
595
614
622
643
644
645
652
661
672
674
675
676
677
681
687
697
700
701
702
720
729
732
734
737
740
743
744
747
753
766
810
823
824
851
852
853
857
860
861
866
867
868
873
876
887
888
889
892
913
927
933
934
936
943
945
1005
1008
1026
1064
1076
1085
1090
1091
1094
1096
1100
1102
1115
1118
1139
1140
1147
1160
1167
1201
1202
1215
1227
1230
1243
1244
1264
1266
1267
1269
1270
1279
1291
1294
1301
1306
1307
1312
1313
1314
1316
1318
1321
1323
1324
1326
1327
1330
1333
1369
1372
1373
1390
1400
1418
1422
1475
1496
1507
1562
1568
1591
1606
1619
1631
1662
1665
1666
1668
1689
1703
1719
1764
1876
1883
1916
1919
1921
1928
1929
1930
1931
1936
1941
1942
1946
1947
1950
1952
1954
1962
1963
1964
1965
1966
1967
1968
1969
1970
1976
1983
1990
1993
1994
1995
1997
2005
2012
2020
2038
2047
2049
2053
2054
2057
2061
2083
2093
2098
2103
2117
2119
2135
2158
2181
2184
2194
2200
2217
2225
2239
2240
2241
2337
2377
2385
2394
2397
2430
2504
2512
2537
2539
2548
2627
2633
2671
2720
2751
2754
2755
2764
2766
2772
2782
2792
2822
2825
2834
2837
2843
2850
2853
2867
2871
2882
2890
2893
2899
2900
2902
2903
2905
2925
2926
2928
2932
2933
2944
2948
2951
2956
2959
2960
2967
2983
2993
2995
2996
2998
3002
3004
3005
3049
3051
3056
3057
3058
3164
3187
3208
3284
3285
3350
3373
3383
3415
3427
3467
3497
3506
3515
3534
3535
3536
3537
3538
3557
3559
3564
3565
3567
3569
3570
3571
3572
3574
3576
3583
3593
3595
3598
3605
3610
3634
3646
3651
3653
3654
3669
3676
3678
3679
3687
3689
3690
3692
3706
3740
3760
3764
3800
3801
3804
4027
4065
4567
4587
4795
4915
4946
5005
5051
5075
5084
5133
5199
5276
5333
5364
5404
5706
5708
5726
5732
5741
5748
5752
5759
5764
5772
5774
5784
5785
5786
5793
5801
5802
5803
5814
5817
5833
5836
5837
5838
5848
5909
5911
5923
5924
5926
5934
5962
5966
5973
5980
5993
5994
5999
6000
6001
6003
6008
6018
6023
6036
6041
6042
6045
6047
6050
6052
6053
6056
6057
6058
6061
6062
6064
6065
6066
6072
6073
6076
6078
6080
6081
6082
6084
6085
6087
6089
6091
6092
6094
6095
6096
6097
6100
6101
6102
6109
6111
6112
6119
6124
6130
6134
6137
6141
6145
6146
6149
6153
6157
6161
6163
6165
6185
6188
6189
6191
6195
6196
6197
6199
6200
6202
6205
6206
6207
6209
6212
6214
6218
6222
6224
6235
6236
6246
6248
6249
6250
6252
6263
6265
6267
6269
6271
6272
6275
6279
6280
6284
6285
6286
6287
6288
6289
6299
6300
6301
6302
6303
6304
6305
6320
6323
6324
6334
6335
6336
6337
6340
6342
6343
6344
6347
6348
6351
6354
6356
6358
6360
6361
6362
6364
6365
6366
6368
6371
6373
6376
6379
6380
6385
6394
6395
6397
6399
6401
6402
6405
6407
6411
6412
6413
6414
6415
6418
6419
6420
6423
6424
6425
6433
6434
6435
6441
6445
6448
6449
6451
6453
6454
6455
6456
6459
6460
6465
6466
6467
6468
6475
6476
6478
6480
6483
6486
6487
6488
6489
6490
6493
6494
6497
6500
6508
6509
6510
6512
6518
6519
6520
6522
6523
6525
6529
6532
6534
6536
6537
6542
6544
6545
6547
6549
6551
6554
6557
6559
6562
6566
6567
6570
6571
6575
6584
6585
6586
6587
6589
6590
6591
6593
6594
6596
6597
6600
6602
6603
6608
6611
6612
6613
6614
6615
6620
6621
6625
6626
6628
6631
6632
6633
6634
6635
6636
6638
6639
6640
6641
6643
6644
6647
6648
6649
6652
6653
6655
6656
6658
6660
6661
6662
6664
6669
6670
6672
6676
6680
6682
6683
6688
6689
6690
6697
6702
6703
6707
6708
6710
6711
6712
6713
6714
6715
6717
6719
6720
6721
6722
6723
6724
6731
6732
6733
6745
6746
6748
6757
6761
6765
6771
6784
6791
6794
6795
6802
6825
6834
6843
6846
6850
6851
6886
6890
6895
6905
6912
6913
6915
6917
6918
6924
6930
6945
6962
6968
6974
6975
6978
6979
6988
6993
7001
7003
7008
7010
7011
7025
7040
7047
7055
7061
7063
7064
7066
7072
7079
7085
7086
7087
7089
7090
7091
7092
7106
7108
7114
7115
7118
7120
7123
7129
7131
7132
7133
7140
7142
7143
7145
7147
7148
7152
7153
7159
7160
7161
7162
7163
7164
7166
7167
7169
7170
7172
7173
7174
7175
7176
7181
7182
7184
7187
7188
7192
7193
7196
7197
7199
7221
7233
7241
7268
7285
7289
7298
7307
7309
7314
7315
7320
7332
7339
7348
7351
7423
7480
7481
7483
7486
7488
7497
7503
7504
7536
7551
7552
7554
7556
7557
7558
7559
7561
7568
7581
7582
7585
7641
7642
7656
7665
7670
7692
7710
7711
7712
7725
7728
7733
7739
7751
7753
7765
7766
7783
7785
7803
7811
7816
7820
7830
7831
7852
7907
7969
7973
7979
7980
7987
8010
8023
8026
8028
8030
8034
8038
8046
8052
8053
8054
8061
8073
8074
8076
8078
8082
8083
8091
8093
8095
8098
8099
8103
8104
8106
8112
8116
8117
8124
8125
8127
8128
8130
8131
8135
8136
8137
8140
8145
8146
8147
8149
8153
8156
8158
8159
8162
8164
8169
8172
8173
8176
8182
8186
8187
8197
8199
8200
8202
8204
8205
8206
8207
8209
8211
8213
8219
8220
8221
8224
8225
8226
8227
8228
8231
8234
8237
8238
8239
8240
8245
8252
8269
8270
8271
8273
8274
8275
8277
8280
8281
8284
8285
8287
8292
8294
8307
8309
8321
8327
8338
8343
8348
8352
8356
8373
8380
8392
8393
8397
8398
8399
8400
8403
8409
8412
8413
8415
8416
8417
8418
8420
8422
8424
8425
8426
8427
8430
8433
8434
8440
8448
8449
8451
8452
8456
8457
8458
8460
8467
8468
8470
8472
8478
8480
8484
8488
8493
8494
8495
8496
8497
8499
8502
8503
8504
8505
8507
8508
8509
8510
8513
8514
8517
8518
8519
8521
8523
8532
8536
8537
8544
8548
8553
8555
8556
8558
8559
8561
8563
8564
8572
8575
8576
8589
8591
8598
8606
8612
8613
8614
8657
8658
8662
8663
8666
8669
8688
8719
8726
8731
8738
8745
8762
8763
8767
8768
8777
8778
8786
8787
8795
8798
8799
8805
8806
8808
8811
8813
8825
8827
8830
8831
8832
8833
8834
8836
8842
8856
8857
8858
8867
8890
8891
8960
8963
8966
8968
8975
8977
8983
8985
8986
8993
9003
9023
9024
9083
9142
9144
9145
9161
9163
9188
9191
9202
9224
9233
9262
9288
9298
9299
9300
9302
9305
9306
9307
9309
9310
9311
9313
9315
9320
9325
9332
9333
9335
9341
9348
9350
9352
9357
9358
9363
9386
9387
9388
9407
9410
9417
9418
9452
9456
9459
9470
9493
9500
9505
9506
9511
9512
9514
9523
9525
9530
9531
9532
9533
9534
9552
9559
9562
9563
9565
9566
9568
9569
9571
9573
9576
9577
9579
9580
9581
9601
9604
9613
9620
9623
9624
9633
9644
9645
9646
9647
9651
9654
9671
9678
9679
9681
9684
9692
9695
9699
9700
9703
9704
9707
9708
9709
9710
9712
9714
9716
9719
9721
9726
9729
9730
9737
9768
9769
9775
9806
9814
9816
9839
9847
9849
9850
9853
9859
9877
9881
9882
9886
9897
9899
9901
9907
9909
9918
9920
9922
9939
9941
9946
9947
9948
10078
10081
10099
10138
10151
10160
10165
10166
10169
10171
10175
10177
10190
10193
10214
10215
10221
10235
10238
10243
10277
10278
10292
10303
10306
10368
10377
10392
10434
10445
10446
10452
10456
10460
10464
10472
10473
10475
10508
10531
10552
10627
10650
10694
10717
10730
10743
10757
10769
10795
10809
10840
10850
10860
10902
10906
10909
10920
10931
10941
10948
10953
10954
10959
10960
10962
10972
10974
10979
10980
10981
10982
10983
11001
11008
11011
11012
11014
11015
11017
11018
11020
11022
11025
11026
11028
11029
11030
11050
11053
11062
11069
11085
11089
11104
11105
11112
11127
11139
11168
11184
11192
11204
11220
11230
11232
11235
11249
11266
11276
11312
11314
11325
11326
11327
11333
11347
11354
11362
11365
11366
11367
11369
11377
11384
11392
11411
11420
11422
11426
11427
11430
11434
11456
11465
11470
11475
11478
11490
11507
11530
11531
11554
11566
11571
11577
11578
11588
11597
11599
11608
11609
11610
11617
