2
6
7
13
15
19
21
22
23
24
25
95
115
201
213
291
310
330
331
333
335
339
349
355
357
358
361
362
372
377
383
386
387
388
389
391
395
396
397
398
400
401
402
403
404
405
407
409
410
411
412
413
416
417
419
421
423
425
428
429
430
431
435
437
439
441
443
444
447
457
463
471
473
474
476
477
480
497
498
499
500
501
502
503
504
505
506
507
509
510
512
513
514
515
516
517
518
519
520
521
522
523
524
525
526
527
528
529
532
533
534
536
537
540
542
543
544
545
546
547
548
549
550
551
552
553
554
555
556
557
558
559
560
561
563
566
567
568
569
570
572
573
574
576
578
580
581
582
583
584
585
586
587
590
591
592
593
594
595
596
597
598
599
600
601
602
603
605
606
609
610
611
612
613
614
615
616
617
618
619
620
621
623
624
625
627
628
631
632
633
634
635
636
637
638
639
640
642
643
644
645
646
647
648
649
650
651
652
654
655
656
657
658
659
660
661
662
664
666
667
668
669
670
671
672
673
674
675
676
677
678
679
680
682
683
684
685
686
688
690
692
695
696
697
698
699
700
701
702
703
705
706
707
709
710
711
712
713
714
715
717
719
724
725
726
727
728
729
730
731
732
733
734
735
736
737
738
739
740
741
742
745
746
747
749
750
751
752
753
754
755
761
762
763
764
769
772
778
779
781
782
783
788
789
790
792
793
794
795
796
797
798
799
800
801
802
803
804
805
806
808
809
810
811
812
814
816
817
818
819
820
822
823
824
825
826
827
828
829
830
831
833
834
835
836
837
845
846
847
848
850
851
857
860
861
863
864
874
875
876
877
1135
1136
1159
1160
1232
1236
1241
1247
1248
1250
1251
1252
1253
1265
1297
1304
1305
1306
1343
1344
1345
1434
1439
1458
1470
1601
1602
1603
1625
1627
1663
1671
1716
1936
2045
2048
2049
2050
2051
2052
2053
2061
2065
2067
2070
2071
2072
2073
2075
2076
2153
2154
2155
2158
2161
2163
2164
2167
2169
2170
2225
2226
2249
2250
2307
2310
2312
2314
2327
2338
2449
2450
2452
2453
2454
2461
2463
2464
2469
2472
2473
2475
2479
2480
2482
2486
2488
2489
2491
2492
2495
2496
2503
2504
2505
2507
2508
2517
2518
2532
2535
2536
2538
2539
2540
2541
2542
2543
2544
2547
2548
2550
2551
2552
2554
2557
2558
2560
2561
2563
2564
2571
2574
2580
2595
2598
2599
2638
2639
2640
2647
2648
2668
2719
2720
2721
2764
2796
2804
2849
3147
3270
3293
3459
3544
3559
3590
3595
3627
