2
5
7
9
21
28
31
32
42
44
45
53
54
55
95
112
137
141
157
187
199
204
205
245
246
248
249
250
251
253
254
255
256
257
258
259
260
261
262
264
267
270
271
273
274
275
293
307
308
320
333
338
343
345
348
361
362
371
375
376
378
403
448
455
459
460
461
463
469
473
474
481
485
493
494
495
498
499
500
504
508
511
512
513
515
519
523
527
541
546
547
548
551
566
568
569
571
572
573
576
578
581
583
584
588
597
598
604
613
614
618
621
623
633
638
639
640
644
655
656
659
660
661
666
667
668
672
674
678
682
683
684
686
688
689
690
691
692
693
695
696
698
702
707
711
727
734
744
745
752
753
754
755
776
787
846
854
868
882
885
888
889
892
921
924
925
926
935
937
939
945
953
954
955
956
965
977
979
982
983
984
985
987
988
989
990
991
994
998
999
1000
1001
1005
1006
1016
1017
1027
1028
1029
1031
1032
1033
1037
1045
1050
1051
1053
1055
1056
1060
1064
1065
1074
1075
1076
1079
1082
1083
1086
1087
1089
1091
1093
1095
1096
1097
1098
1100
1101
1102
1108
1109
1110
1120
1122
1123
1127
1128
1129
1131
1146
1147
1154
1155
1156
1157
1159
1161
1162
1168
1181
1182
1183
1187
1191
1194
1209
1268
1269
1270
1276
1277
1280
1282
1283
1284
1285
1286
1287
1288
1289
1290
1292
1294
1298
1299
1300
1304
1309
1310
1311
1315
1319
1320
1322
1323
1326
1327
1332
1336
1362
1377
1387
1389
1401
1402
1425
1431
1434
1438
1449
1450
1451
1452
1454
1455
1458
1462
1463
1465
1466
1469
1470
1472
1474
1475
1477
1498
1506
1519
1522
1523
1535
1546
1559
1580
1614
1659
1663
1674
1730
1737
1769
1777
1803
1815
1820
1821
1861
