6
8
10
16
17
20
28
29
30
37
42
45
46
48
50
58
61
75
76
88
98
117
120
123
127
137
143
152
154
167
184
188
189
192
193
194
195
196
198
199
201
202
203
214
218
237
241
247
252
254
255
265
272
273
282
293
303
307
331
351
369
377
379
381
382
384
386
387
388
389
390
391
392
393
394
395
396
398
399
400
401
402
403
404
405
406
407
408
409
410
411
412
413
414
461
476
480
492
508
511
512
513
523
524
525
527
533
536
539
540
541
543
546
548
549
556
560
561
562
563
564
566
568
569
570
577
579
580
587
600
601
602
603
604
605
606
607
609
610
611
612
613
616
617
618
619
620
621
624
626
627
628
629
630
631
632
633
636
639
640
642
646
649
651
654
655
656
657
658
660
662
663
664
665
667
668
669
671
678
684
685
691
695
698
703
706
708
709
711
713
717
719
721
722
724
726
727
731
733
735
736
739
758
763
768
769
772
774
777
778
782
785
789
791
793
801
803
819
820
826
829
833
834
835
850
855
882
883
884
895
899
900
901
902
903
904
905
906
911
914
917
919
922
923
924
931
944
947
949
950
951
952
954
956
957
958
962
964
966
970
982
983
984
985
986
987
988
992
999
1000
1006
1007
1010
1014
1018
1023
1027
1035
1039
1041
1042
1043
1052
1055
1058
1059
1060
1061
1062
1065
1068
1069
1071
1080
1084
1088
1089
1097
1099
1111
1114
1116
1121
1122
1123
1124
1134
1142
1146
1149
1153
1154
1155
1156
1161
1165
1166
1171
1177
1179
1182
1186
1187
1188
1189
1191
1193
1197
1198
1205
1206
1210
1212
1213
1214
1216
1217
1223
1224
1225
1228
1232
1233
1234
1235
1236
1237
1238
1239
1240
1256
1257
1258
1263
1268
1272
1277
1278
1282
1285
1300
1310
1317
1320
1322
1329
1335
1337
1338
1340
1341
1342
1347
1356
1357
1358
1359
1371
1374
1403
1412
1421
1426
1444
1446
1447
1452
1460
1464
1467
1478
1479
1483
1486
1488
1493
1499
1500
1501
1502
1505
1509
1511
1516
1518
1521
1524
1525
1527
1528
1532
1533
1536
1543
1544
1545
1548
1549
1553
1555
1558
1560
1561
1563
1564
1572
1578
1582
1589
1595
1599
1601
1602
1603
1604
1609
1614
1615
1616
1620
1622
1625
1626
1627
1628
1629
1630
1636
1637
1638
1646
1647
1648
1649
1650
1654
1655
1656
1657
1658
1659
1661
1667
1669
1670
1672
1674
1677
1678
1679
1681
1684
1685
1691
1692
1695
1707
1708
1709
1715
1723
1726
1729
1734
1737
1742
1743
1745
1748
1752
1754
1760
1763
1768
1769
1772
1774
1780
1782
1784
1785
1786
1789
1790
1792
1793
1797
1798
1800
1801
1802
1803
1804
1805
1806
1808
1813
1816
1818
1874
1877
1879
1880
1881
1882
1884
1885
1886
1887
1888
1889
1891
1892
1894
1896
1897
1898
1900
1901
1903
1904
1906
1907
1910
1911
1922
1933
1934
1937
1943
1945
1949
1951
1953
1955
1957
1959
1960
1961
1974
1975
1978
1981
1982
2002
2003
2011
2013
2014
2015
2016
2021
2022
2023
2033
2034
2036
2040
2048
2059
2065
2070
2080
2097
2102
2110
2111
2112
2113
2114
2116
2118
2126
2128
2139
2143
2153
2154
2161
2162
2163
2164
2167
2168
2169
2170
2171
2172
2173
2179
2189
2190
2193
2201
2208
2220
2228
2230
2231
2236
2250
2251
2262
2263
2270
2274
2275
2276
2284
2287
2289
2300
2303
2332
2335
2336
2338
2340
2344
2345
2348
2349
2352
2355
2361
2362
2363
2368
2369
2371
2372
2373
2374
2375
2379
2389
2392
2399
2400
2401
2402
2407
2408
2409
2410
2416
2417
2419
2425
2427
2431
2434
2443
2446
2447
2449
2450
2454
2457
2468
2469
2474
2489
2497
2498
2499
2501
2507
2513
2519
2523
2524
2525
2527
2528
2529
2530
2531
2532
2533
2534
2565
2570
2571
2578
2583
2585
2586
2596
2600
2603
2605
2606
2607
2608
2609
2611
2618
2623
2624
2635
2637
2643
2650
2654
2667
2675
2682
2692
2702
2703
2767
2779
2797
2798
2800
2808
2817
2819
2820
2830
2831
2846
2857
2861
2862
2865
2869
2870
2872
2883
2884
2886
2888
2891
2895
2896
2897
2904
2909
2911
2912
2915
2916
2927
2934
2940
2941
2946
2953
2961
2964
2966
2968
2970
2986
3010
3011
3014
3021
3031
3032
3034
3035
3039
3042
3044
3045
3046
3053
3089
3121
3129
3132
3138
3139
3140
3143
3146
3158
3159
3161
3175
3178
3181
3183
3190
3195
3204
3209
3212
3215
3218
3219
3220
3225
3226
3227
3228
3232
3251
3253
3260
3297
3301
3309
3313
3324
3325
3353
3354
3369
3377
3378
3379
3384
3385
3386
3387
3392
3393
3394
3405
3411
3417
3419
3448
3449
3452
3461
3474
3476
3480
3481
3482
3483
3484
3488
3489
3494
3504
3507
3512
3514
3518
3521
3522
3523
3524
3525
3533
3541
3542
3566
3568
3573
3577
3578
3580
3581
3585
3587
3588
3589
3591
3601
3604
3608
3611
3613
3623
3629
3630
3631
3636
3649
3652
3655
3656
3658
3664
3670
3671
3672
3673
3675
3681
3688
3693
3694
3695
3696
3697
3698
3699
3700
3701
3702
3705
3707
3709
3710
3711
3712
3713
3714
3716
3717
3718
3720
3723
3724
3725
3730
3736
3737
3741
3742
3744
3745
3746
3747
3749
3750
3751
3752
3753
3754
3755
3756
3757
3758
3759
3761
3762
3765
3766
3767
3768
3771
3772
3773
3774
3775
3777
3779
3780
3781
3783
3784
3785
3787
3788
3789
3792
3793
3794
3795
3796
3797
3798
3799
3802
3803
3805
3806
3807
3808
3810
3811
3812
3816
3817
3820
3821
3822
3825
3828
3830
3832
3835
3837
3839
3841
3842
3844
3846
3848
3849
3851
3853
3857
3859
3861
3864
3866
3869
3874
3877
3880
3882
3884
3888
3891
3894
3897
3900
3903
3906
3909
3912
3915
3918
3921
3924
3928
3932
3936
3940
3944
3948
3952
3955
3956
3958
3962
3966
3967
3971
3977
3982
3986
3990
3994
3995
4000
4005
4006
4011
4012
4016
4017
4022
4023
4030
4031
4036
4037
4040
4043
4044
4048
4049
4053
4054
4058
4059
4064
4066
4070
4071
4072
4077
4078
4083
4084
4089
4090
4094
4095
4099
4100
4105
4106
4111
4112
4117
4118
4124
4125
4130
4131
4136
4137
4141
4142
4147
4148
4153
4154
4158
4159
4164
4165
4169
4170
4175
4176
4181
4182
4186
4187
4191
4192
4196
4197
4202
4203
4207
4208
4213
4214
4217
4219
4220
4223
4225
4226
4230
4231
4234
4235
4238
4239
4243
4244
4248
4249
4252
4253
4256
4257
4260
4261
4262
4265
4266
4270
4271
4276
4277
4280
4281
4285
4286
4290
4291
4294
4295
4299
4300
4305
4306
4309
4310
4313
4314
4317
4318
4322
4323
4327
4328
4331
4332
4336
4337
4340
4341
4344
4345
4348
4349
4352
4353
4356
4357
4360
4361
4364
4365
4368
4369
4372
4373
4376
4378
4379
4382
4383
4386
4387
4390
4391
4395
4396
4400
4401
4405
4406
4409
4410
4413
4414
4418
4419
4420
4424
4425
4428
4429
4432
4433
4436
4438
4439
4444
4445
4449
4450
4453
4454
4457
4458
4461
4462
4465
4466
4469
4470
4473
4474
4477
4478
4481
4483
4484
4487
4488
4491
4492
4495
4496
4497
4500
4501
4504
4505
4508
4509
4512
4514
4515
4518
4519
4520
4521
4524
4525
4528
4529
4532
4533
4537
4538
4541
4542
4545
4546
4550
4551
4554
4555
4558
4559
4563
4564
4569
4570
4573
4574
4578
4579
4583
4584
4588
4589
4592
4593
4597
4598
4601
4602
4607
4608
4611
4612
4616
4617
4620
4622
4623
4626
4627
4630
4631
4635
4636
4639
4640
4643
4645
4646
4649
4651
4652
4656
4657
4661
4662
4666
4667
4670
4671
4674
4676
4677
4680
4681
4684
4685
4689
4690
4694
4695
4698
4699
4702
4703
4704
4708
4709
4713
4714
4717
4719
4720
4723
4724
4727
4728
4732
4733
4737
4738
4742
4743
4746
4747
4750
4752
4753
4758
4759
4763
4764
4768
4769
4773
4774
4777
4778
4782
4783
4786
4787
4790
4791
4796
4797
4800
4801
4805
4806
4809
4810
4814
4815
4819
4820
4824
4825
4828
4829
4833
4834
4837
4838
4839
4843
4844
4848
4849
4853
4854
4858
4859
4862
4863
4866
4868
4869
4873
4874
4878
4879
4882
4883
4887
4888
4891
4892
4895
4896
4901
4902
4907
4908
4911
4912
4916
4917
4920
4921
4924
4925
4928
4929
4933
4934
4938
4939
4942
4943
4947
4948
4952
4953
4957
4958
4961
4962
4963
4967
4968
4971
4972
4975
4977
4978
4981
4982
4983
4986
4987
4991
4996
5001
5002
5006
5007
5008
5011
5012
5016
5017
5021
5022
5025
5027
5028
5032
5033
5037
5038
5042
5043
5047
5048
5053
5054
5057
5058
5062
5063
5066
5067
5071
5072
5079
5080
5086
5087
5091
5092
5095
5097
5098
5101
5103
5104
5107
5108
5109
5113
5114
5118
5119
5124
5125
5129
5130
5135
5136
5139
5140
5144
5145
5148
5149
5153
5154
5155
5159
5160
5163
5165
5166
5169
5170
5174
5175
5178
5180
5181
5184
5185
5189
5190
5194
5195
5200
5201
5206
5207
5211
5212
5217
5218
5224
5225
5229
5231
5232
5238
5239
5243
5244
5249
5250
5255
5256
5261
5262
5266
5267
5271
5272
5277
5278
5282
5283
5287
5288
5292
5293
5298
5299
5303
5304
5308
5309
5314
5315
5319
5322
5323
5327
5328
5332
5335
5336
5341
5342
5347
5348
5352
5353
5357
5358
5359
5363
5365
5366
5370
5371
5376
5377
5381
5382
5386
5387
5391
5392
5394
5395
5399
5400
5405
5406
5410
5411
5415
5416
5417
5420
5423
5424
5428
5429
5430
5434
5435
5436
5440
5441
5442
5443
5444
5448
5449
5454
5455
5460
5461
5465
5466
5470
5471
5476
5477
5482
5483
5487
5488
5492
5493
5498
5499
5503
5504
5508
5509
5514
5515
5520
5521
5526
5527
5532
5533
5538
5539
5543
5544
5548
5549
5553
5556
5557
5561
5562
5566
5567
5571
5572
5573
5577
5578
5583
5584
5588
5589
5593
5594
5598
5599
5603
5604
5608
5609
5610
5611
5615
5616
5620
5621
5625
5627
5628
5633
5634
5639
5640
5645
5646
5650
5652
5653
5654
5658
5659
5660
5664
5665
5666
5670
5671
5675
5676
5680
5681
5682
5683
5687
5688
5692
5693
5698
5703
5704
5705
5707
5713
5714
5729
5733
5737
5739
5742
5747
5753
5754
5755
5757
5762
5768
5770
5775
5783
5788
5800
5805
5819
5829
5830
5831
5842
5843
5844
5845
5846
5847
5850
5851
5852
5853
5854
5882
5886
5902
5917
5930
5938
5961
5969
5982
5986
5989
5990
6006
6007
6011
6012
6021
6022
6026
6028
6029
6031
6032
6033
6035
6037
6039
6051
6083
6090
6103
6113
6115
6121
6126
6127
6129
6132
6148
6154
6155
6156
6158
6159
6160
6166
6167
6171
6172
6173
6177
6178
6179
6180
6186
6187
6193
6201
6208
6211
6216
6217
6219
6220
6221
6225
6226
6230
6231
6233
6238
6239
6254
6257
6259
6261
6262
6264
6273
6274
6276
6277
6278
6281
6282
6293
6295
6296
6298
6311
6313
6314
6317
6318
6325
6327
6328
6341
6349
6352
6383
6384
6390
6409
6426
6431
6437
6438
6439
6450
6461
6462
6463
6464
6469
6470
6471
6477
6479
6495
6514
6515
6516
6521
6524
6526
6527
6538
6540
6546
6555
6556
6558
6563
6564
6574
6576
6579
6580
6581
6588
6599
6604
6606
6609
6617
6623
6645
6646
6651
6667
6673
6674
6677
6678
6679
6687
6692
6695
6701
6709
6725
6728
6729
6735
6736
6738
6741
6742
6743
6747
6749
6750
6751
6752
6753
6754
6755
6762
6763
6768
6772
6773
6774
6779
6780
6781
6782
6786
6790
6792
6797
6798
6804
6806
6807
6808
6809
6811
6812
6813
6817
6818
6820
6821
6823
6826
6827
6831
6833
6835
6837
6842
6845
6852
6853
6855
6856
6857
6859
6862
6865
6866
6868
6869
6870
6871
6932
6934
6980
6981
6982
6984
6985
6987
7002
7004
7007
7013
7019
7020
7031
7043
7078
7098
7101
7102
7104
7112
7125
7136
7138
7168
7171
7198
7200
7201
7202
7203
7204
7205
7206
7207
7208
7211
7213
7214
7216
7217
7218
7219
7220
7227
7228
7229
7230
7231
7232
7237
7238
7242
7243
7244
7245
7246
7247
7248
7251
7252
7253
7254
7255
7257
7258
7259
7260
7261
7262
7263
7264
7265
7266
7270
7272
7274
7277
7278
7279
7281
7282
7284
7287
7291
7292
7293
7294
7295
7296
7297
7299
7301
7302
7303
7304
7305
7306
7308
7310
7311
7312
7313
7316
7317
7318
7321
7322
7331
7335
7338
7341
7343
7344
7345
7346
7349
7350
7352
7353
7354
7355
7357
7358
7359
7360
7362
7363
7381
7385
7388
7390
7442
7443
7444
7445
7446
7453
7454
7455
7456
7460
7461
7462
7463
7464
7466
7467
7468
7469
7470
7471
7472
7473
7474
7475
7476
7477
7478
7479
7482
7484
7485
7487
7489
7492
7495
7499
7500
7501
7508
7510
7511
7512
7514
7515
7516
7517
7520
7521
7522
7528
7542
7543
7544
7545
7553
7560
7562
7567
7569
7572
7573
7586
7587
7589
7590
7591
7594
7595
7596
7601
7602
7603
7618
7620
7621
7646
7647
7652
7653
7654
7657
7658
7662
7666
7668
7689
7694
7709
7714
7715
7716
7736
7745
7748
7764
7771
7784
7786
7787
7801
7802
7807
7814
7821
7823
7825
7832
7833
7834
7839
7841
7848
7853
7861
7867
7868
7873
7880
7887
7894
7904
7906
7909
7911
7920
7921
7922
7923
7924
7925
7926
7927
7928
7929
7930
7931
7932
7936
7937
7938
7939
7940
7941
7942
7943
7944
7945
7946
7948
7949
7950
7951
7952
7953
7954
7955
7956
7957
7958
7959
7960
7961
7962
7963
7964
7965
7966
7967
7968
7977
7982
7989
7991
7994
8011
8012
8016
8033
8041
8045
8048
8051
8059
8063
8064
8066
8068
8069
8077
8079
8085
8086
8096
8102
8113
8118
8119
8120
8121
8122
8132
8143
8144
8168
8171
8185
8188
8192
8229
8230
8241
8243
8246
8260
8261
8262
8263
8264
8265
8266
8267
8272
8278
8283
8291
8296
8297
8298
8300
8302
8303
8305
8306
8318
8319
8322
8323
8326
8345
8350
8351
8353
8354
8357
8361
8365
8367
8384
8385
8388
8389
8395
8404
8407
8408
8414
8421
8423
8428
8439
8441
8446
8447
8454
8459
8469
8473
8474
8475
8476
8477
8479
8485
8487
8489
8490
8501
8506
8515
8520
8522
8526
8527
8528
8529
8530
8539
8540
8545
8552
8566
8568
8570
8571
8577
8579
8580
8581
8582
8583
8605
8609
8610
8631
8634
8637
8639
8649
8674
8675
8676
8677
8678
8679
8727
8741
8743
8744
8747
8750
8754
8755
8757
8770
8772
8776
8779
8780
8781
8790
8792
8796
8800
8801
8802
8809
8814
8815
8818
8819
8820
8821
8822
8823
8826
8837
8839
8840
8841
8843
8844
8846
8847
8848
8855
8863
8865
8866
8868
8869
8874
8876
8877
8879
8885
8886
8888
8892
8894
8895
8896
8897
8902
8904
8905
8906
8910
8911
8913
8915
8917
8919
8927
8932
8933
8934
8937
8939
8940
8941
8944
8948
8950
8953
8954
8955
8956
8957
8958
8961
8962
8964
8965
8967
8969
8971
8974
8976
8978
8980
8981
8982
8988
8991
8994
8995
8997
8998
9001
9004
9005
9009
9010
9013
9015
9017
9018
9020
9021
9022
9026
9032
9034
9036
9037
9039
9040
9041
9042
9043
9044
9045
9047
9048
9049
9050
9055
9057
9059
9062
9066
9068
9070
9073
9075
9085
9086
9090
9091
9095
9096
9101
9102
9103
9126
9129
9143
9151
9154
9155
9158
9168
9169
9176
9179
9183
9192
9198
9213
9218
9223
9228
9229
9230
9231
9232
9235
9239
9243
9246
9258
9261
9270
9271
9275
9278
9280
9283
9344
9347
9356
9366
9368
9381
9382
9385
9403
9428
9430
9431
9433
9435
9438
9443
9447
9458
9489
9491
9495
9496
9498
9510
9517
9535
9537
9539
9547
9551
9560
9564
9589
9609
9611
9612
9614
9615
9616
9617
9618
9619
9621
9626
9627
9628
9629
9630
9635
9636
9639
9640
9641
9653
9658
9659
9672
9686
9696
9711
9715
9718
9720
9733
9738
9741
9744
9746
9753
9757
9778
9790
9798
9833
9836
9845
9867
9878
9896
9923
9924
9925
9929
9932
9934
9935
9936
9943
9982
10013
10021
10022
10023
10024
10026
10028
10029
10030
10034
10036
10038
10042
10047
10055
10056
10057
10058
10059
10060
10061
10065
10072
10073
10079
10080
10083
10087
10091
10096
10100
10108
10112
10114
10115
10116
10125
10128
10131
10132
10133
10134
10135
10136
10139
10142
10143
10145
10155
10159
10161
10163
10164
10172
10174
10186
10189
10191
10196
10197
10198
10199
10209
10213
10217
10223
10227
10228
10229
10230
10232
10236
10240
10241
10242
10247
10253
10255
10258
10262
10263
10264
10265
10266
10267
10269
10273
10274
10275
10276
10281
10282
10286
10288
10289
10290
10293
10294
10299
10300
10301
10304
10308
10309
10310
10323
10325
10365
10380
10390
10391
10396
10397
10398
10401
10403
10417
10425
10426
10428
10432
10435
10440
10441
10450
10455
10463
10465
10466
10469
10471
10476
10479
10483
10484
10485
10488
10491
10502
10503
10505
10519
10522
10525
10527
10534
10539
10548
10553
10556
10559
10562
10563
10564
10570
10571
10572
10573
10578
10595
10597
10604
10639
10644
10653
10657
10667
10668
10697
10698
10713
10721
10722
10723
10729
10731
10732
10738
10739
10740
10748
10754
10759
10788
10789
10792
10801
10816
10818
10823
10826
10827
10831
10832
10837
10847
10851
10857
10859
10863
10866
10867
10868
10869
10877
10879
10880
10882
10884
10887
10892
10896
10899
10908
10937
10939
10943
10944
10946
10958
10965
10984
10986
10988
10996
11000
11009
11013
11038
11058
11061
11063
11066
11078
11086
11088
11097
11100
11101
11102
11135
11140
11146
11148
11160
11163
11171
11176
11178
11180
11185
11190
11191
11194
11195
11201
11222
11233
11237
11240
11259
11275
11282
11285
11286
11288
11294
11301
11302
11303
11308
11309
11310
11311
11313
11320
11322
11330
11332
11338
11339
11340
11342
11352
11353
11374
11375
11383
11385
11386
11387
11388
11393
11394
11395
11406
11407
11409
11413
11421
11432
11438
11443
11453
11469
11474
11483
11484
11485
11486
11487
11489
11491
11498
11500
11511
11515
11525
11526
11535
11536
11537
11540
11541
11542
11543
11544
11545
11546
11552
11561
11562
11565
11572
11580
11590
11600
11605
11619
11620
