111
112
190
389
419
483
502
520
530
531
533
555
566
602
637
769
772
773
775
786
793
795
828
933
934
1106
1107
1108
1109
1239
1465
1492
1535
1537
1555
1607
1625
1648
1665
1673
1790
1791
1792
1819
1821
1840
1912
1942
2495
2500
2503
2508
2510
2519
2521
2531
2573
2663
2798
2800
2802
2805
2806
2807
2973
2974
3020
3021
3028
3100
3201
3233
3338
3361
3476
3522
3523
3524
3540
3592
3681
3780
3782
3793
3961
4386
4547
4548
4549
4550
4551
4552
4553
4558
4559
4566
4731
5049
5056
5062
5075
5081
5095
5096
5101
5121
5134
5136
5168
5324
5328
5332
5333
5334
5351
5456
5461
5467
5476
5482
5484
5491
5499
5504
5505
5508
5518
5548
5551
5552
5553
5557
5562
5570
5593
5594
5595
5596
5623
5635
5657
5678
5680
5681
5708
5714
5725
5731
5736
5737
5738
5765
5777
5787
5810
6101
6103
6129
6133
6134
6136
6284
6285
6289
6309
6349
6356
6357
6358
6359
6360
6361
6857
6868
7024
7105
7135
7195
7262
7285
7313
