0
4
5
8
9
10
12
13
14
20
22
27
30
32
44
46
57
60
63
68
70
71
73
74
75
103
109
110
111
112
113
114
115
116
117
119
123
124
125
127
128
129
130
131
132
133
134
137
138
140
141
142
143
144
145
146
147
148
149
151
152
153
154
159
160
161
162
163
167
168
169
170
171
173
174
175
176
177
179
181
182
183
184
190
191
192
193
194
195
196
197
198
200
201
202
203
204
205
206
207
208
209
210
211
212
213
214
215
216
217
218
219
220
221
222
223
224
225
226
228
308
330
331
345
354
356
360
361
378
380
382
384
385
386
387
388
389
390
391
403
404
405
406
407
408
409
410
411
412
413
414
415
416
417
418
419
421
423
425
428
430
431
432
433
436
447
449
453
477
478
479
482
483
502
520
530
531
533
548
555
561
564
565
566
569
572
578
581
582
583
585
586
601
602
604
637
638
639
641
643
644
645
648
649
651
653
654
655
656
658
660
661
662
663
664
667
668
672
673
674
676
677
679
680
681
684
688
689
690
691
692
695
696
697
698
700
701
702
704
706
707
708
710
712
714
715
716
720
723
724
725
726
727
728
729
730
731
732
733
734
735
736
737
738
739
740
741
742
743
745
749
750
752
762
763
764
765
766
767
768
769
770
771
772
773
774
775
776
777
778
779
780
781
782
783
784
785
786
787
788
789
790
792
793
794
795
796
797
798
799
800
801
802
803
804
805
806
807
808
809
810
811
813
814
815
816
817
819
820
821
822
824
825
826
827
828
829
830
831
832
833
834
836
837
838
839
841
842
843
844
855
874
875
877
885
886
887
888
890
891
892
929
933
934
935
936
937
938
939
941
942
944
945
946
948
950
951
952
954
956
957
958
960
962
963
964
965
970
972
973
974
975
977
978
981
983
984
986
987
990
991
993
994
995
996
997
998
999
1001
1004
1006
1008
1010
1011
1025
1026
1027
1028
1029
1030
1031
1032
1033
1034
1035
1036
1042
1050
1051
1052
1053
1055
1057
1058
1059
1060
1061
1062
1069
1070
1071
1072
1073
1075
1076
1078
1087
1090
1093
1098
1101
1103
1104
1105
1106
1107
1108
1109
1110
1111
1112
1118
1121
1205
1206
1210
1212
1215
1217
1221
1230
1231
1232
1233
1238
1239
1240
1241
1242
1243
1244
1245
1246
1247
1249
1254
1256
1257
1258
1259
1263
1264
1265
1267
1268
1271
1275
1280
1283
1285
1294
1298
1300
1301
1302
1303
1308
1318
1319
1321
1323
1324
1325
1326
1327
1329
1330
1331
1332
1333
1334
1335
1336
1337
1338
1339
1340
1341
1342
1343
1344
1346
1347
1350
1352
1353
1355
1356
1357
1358
1359
1360
1361
1362
1363
1364
1369
1370
1371
1374
1375
1376
1379
1380
1382
1384
1385
1386
1387
1389
1390
1391
1392
1393
1394
1395
1396
1397
1398
1399
1400
1401
1402
1403
1404
1405
1406
1407
1408
1409
1410
1411
1412
1413
1414
1415
1416
1417
1418
1419
1420
1421
1422
1423
1424
1425
1426
1427
1428
1430
1431
1434
1436
1438
1440
1443
1444
1445
1446
1447
1449
1450
1451
1452
1453
1455
1456
1457
1458
1459
1460
1461
1462
1465
1466
1469
1470
1471
1473
1474
1475
1476
1477
1478
1479
1482
1483
1484
1485
1486
1487
1488
1489
1490
1491
1492
1494
1495
1496
1497
1499
1500
1501
1504
1505
1506
1507
1511
1513
1514
1515
1516
1517
1518
1519
1520
1521
1522
1523
1524
1525
1526
1527
1528
1529
1530
1531
1532
1533
1535
1537
1538
1539
1540
1541
1542
1543
1545
1546
1547
1548
1549
1550
1551
1555
1562
1565
1566
1567
1568
1569
1573
1577
1579
1580
1581
1583
1584
1587
1589
1590
1594
1595
1596
1597
1598
1599
1600
1602
1603
1604
1605
1606
1607
1608
1609
1611
1612
1613
1614
1615
1621
1622
1623
1624
1625
1626
1627
1628
1629
1630
1632
1633
1634
1635
1636
1637
1638
1640
1641
1642
1644
1645
1647
1648
1649
1650
1651
1652
1656
1657
1665
1666
1667
1668
1669
1671
1673
1674
1675
1676
1763
1765
1767
1770
1771
1772
1773
1774
1775
1776
1780
1781
1782
1783
1784
1785
1786
1787
1788
1789
1790
1791
1792
1794
1795
1796
1797
1799
1800
1802
1803
1804
1805
1806
1807
1808
1810
1812
1813
1815
1816
1818
1819
1820
1821
1822
1823
1824
1825
1826
1827
1829
1830
1831
1832
1833
1834
1835
1837
1838
1839
1840
1841
1842
1843
1844
1846
1847
1849
1850
1851
1852
1854
1855
1856
1857
1858
1859
1861
1862
1863
1864
1865
1867
1868
1870
1871
1872
1873
1874
1875
1876
1877
1878
1879
1880
1881
1882
1883
1884
1885
1887
1888
1889
1893
1894
1895
1896
1897
1898
1912
1913
1914
1915
1916
1917
1918
1919
1920
1921
1922
1923
1924
1925
1926
1929
1930
1931
1933
1934
1935
1938
1939
1941
1942
1943
1944
1945
1946
1947
1948
1950
1951
1953
1957
1958
1959
1960
1961
1962
1963
1964
1965
1966
1967
1968
1969
1970
1971
1973
1975
1976
1977
1978
1979
1980
1982
1984
1986
1987
1988
1990
2001
2011
2014
2016
2024
2028
2041
2043
2044
2047
2052
2053
2055
2056
2057
2063
2064
2090
2097
2102
2104
2106
2119
2123
2127
2157
2159
2201
2215
2228
2229
2372
2409
2419
2421
2430
2432
2433
2434
2435
2438
2446
2447
2448
2460
2463
2464
2465
2466
2467
2468
2469
2470
2471
2472
2474
2486
2488
2489
2490
2491
2492
2493
2494
2495
2496
2497
2499
2500
2502
2503
2504
2505
2506
2507
2508
2509
2510
2511
2512
2513
2514
2515
2516
2517
2518
2519
2520
2521
2524
2525
2527
2530
2531
2532
2539
2544
2545
2546
2548
2549
2550
2554
2555
2572
2573
2583
2588
2589
2591
2596
2597
2598
2600
2601
2602
2603
2604
2605
2608
2609
2610
2611
2612
2613
2621
2622
2624
2626
2630
2638
2639
2640
2641
2643
2644
2645
2646
2648
2649
2650
2651
2652
2653
2654
2655
2656
2657
2659
2660
2661
2662
2663
2664
2665
2666
2673
2674
2675
2676
2682
2687
2688
2689
2690
2701
2702
2703
2705
2706
2707
2716
2717
2718
2719
2720
2722
2723
2724
2725
2726
2734
2735
2736
2737
2738
2739
2740
2741
2742
2743
2745
2746
2748
2749
2755
2762
2764
2771
2772
2773
2774
2775
2776
2778
2779
2782
2785
2786
2787
2788
2795
2798
2800
2801
2802
2804
2805
2806
2807
2808
2809
2811
2814
2815
2817
2818
2822
2824
2827
2878
2893
2894
2901
2904
2907
2908
2909
2910
2912
2913
2914
2915
2916
2917
2918
2953
2955
2960
2961
2962
2966
2968
2973
2974
2975
2976
2977
2978
2979
2983
2984
2985
2987
2988
2989
2990
2991
2992
2993
2994
2995
2996
2997
2998
2999
3000
3001
3002
3003
3004
3005
3006
3007
3008
3009
3010
3012
3014
3015
3017
3018
3019
3020
3021
3023
3024
3025
3026
3027
3028
3029
3030
3031
3032
3033
3034
3035
3036
3037
3038
3039
3041
3042
3043
3044
3045
3046
3047
3048
3049
3050
3051
3052
3053
3055
3056
3059
3060
3061
3065
3066
3067
3069
3070
3071
3072
3073
3074
3075
3077
3079
3080
3081
3082
3083
3084
3085
3086
3087
3088
3089
3090
3091
3093
3094
3095
3096
3097
3098
3099
3100
3101
3102
3103
3104
3105
3106
3107
3108
3109
3110
3111
3115
3116
3117
3119
3120
3121
3122
3123
3124
3125
3126
3127
3129
3130
3135
3136
3137
3138
3140
3141
3142
3143
3144
3145
3146
3149
3150
3152
3155
3170
3199
3201
3207
3210
3211
3212
3213
3214
3215
3216
3227
3228
3229
3232
3233
3234
3235
3236
3273
3281
3302
3305
3307
3309
3310
3328
3329
3331
3332
3333
3335
3337
3338
3341
3342
3344
3347
3348
3349
3350
3351
3352
3353
3354
3355
3356
3358
3360
3361
3363
3364
3365
3368
3369
3371
3372
3374
3375
3377
3378
3379
3381
3382
3383
3384
3386
3387
3388
3389
3390
3391
3392
3393
3394
3395
3396
3397
3398
3400
3401
3402
3403
3404
3405
3407
3409
3410
3411
3412
3413
3415
3417
3418
3419
3420
3423
3424
3425
3426
3427
3430
3433
3434
3435
3436
3437
3438
3439
3440
3441
3442
3443
3444
3445
3446
3447
3449
3450
3452
3453
3455
3456
3457
3458
3460
3461
3462
3463
3464
3465
3466
3467
3468
3469
3470
3471
3473
3474
3475
3476
3477
3478
3479
3480
3482
3483
3484
3485
3486
3487
3488
3489
3491
3492
3494
3495
3496
3497
3498
3499
3500
3501
3503
3504
3506
3507
3508
3510
3512
3513
3514
3515
3516
3517
3519
3520
3522
3523
3524
3525
3526
3527
3531
3532
3533
3534
3535
3536
3537
3538
3539
3540
3541
3542
3543
3544
3545
3546
3547
3548
3549
3550
3551
3552
3553
3554
3555
3556
3557
3558
3560
3561
3562
3563
3564
3565
3566
3567
3568
3569
3570
3571
3572
3573
3574
3575
3577
3578
3579
3580
3582
3584
3585
3586
3587
3588
3589
3590
3591
3592
3593
3594
3595
3596
3597
3598
3599
3600
3601
3602
3603
3604
3605
3607
3608
3609
3610
3611
3612
3614
3615
3616
3617
3618
3619
3622
3623
3624
3625
3626
3627
3628
3629
3630
3631
3632
3654
3657
3658
3659
3660
3661
3662
3663
3664
3665
3668
3669
3670
3671
3672
3674
3679
3680
3681
3682
3683
3684
3685
3686
3687
3688
3689
3690
3691
3692
3693
3694
3695
3696
3697
3698
3699
3700
3701
3702
3703
3704
3705
3706
3707
3708
3709
3710
3711
3712
3713
3714
3715
3716
3719
3722
3723
3724
3725
3726
3728
3729
3730
3731
3732
3733
3735
3736
3737
3738
3741
3742
3743
3744
3745
3746
3747
3748
3749
3750
3751
3752
3753
3754
3755
3756
3757
3758
3759
3760
3761
3762
3763
3764
3765
3766
3767
3768
3769
3770
3771
3772
3773
3774
3775
3776
3777
3778
3780
3781
3782
3783
3784
3785
3787
3788
3789
3790
3791
3792
3793
3795
3796
3797
3798
3799
3800
3801
3802
3803
3804
3805
3806
3808
3809
3810
3811
3812
3813
3815
3816
3817
3818
3819
3820
3821
3822
3823
3824
3825
3826
3827
3828
3829
3830
3832
3835
3838
3841
3842
3843
3845
3846
3847
3848
3849
3850
3851
3853
3854
3855
3856
3857
3858
3859
3860
3861
3862
3863
3864
3865
3866
3867
3869
3870
3871
3872
3873
3874
3875
3876
3877
3878
3879
3880
3881
3882
3883
3884
3885
3886
3889
3891
3892
3894
3895
3896
3899
3900
3901
3904
3905
3906
3907
3908
3909
3910
3911
3912
3913
3914
3915
3916
3917
3918
3919
3920
3921
3922
3923
3924
3925
3926
3927
3928
3929
3930
3931
3932
3933
3934
3935
3936
3937
3938
3939
3940
3941
3942
3943
3944
3945
3946
3947
3948
3949
3950
3951
3952
3953
3955
3956
3957
3958
3959
3960
3961
3962
3963
3964
3965
3966
3967
3968
3969
3970
3971
3972
3973
3974
3975
3978
3979
3980
3981
3982
3983
3985
3988
3990
3995
3996
3997
3998
3999
4005
4015
4120
4124
4168
4172
4175
4185
4187
4189
4190
4191
4192
4193
4194
4202
4207
4208
4213
4215
4217
4219
4229
4230
4231
4232
4233
4234
4236
4237
4238
4239
4240
4241
4242
4243
4281
4352
4353
4355
4368
4373
4385
4386
4390
4391
4396
4397
4401
4463
4477
4506
4517
4521
4522
4532
4535
4536
4539
4543
4546
4547
4548
4549
4550
4551
4552
4553
4555
4556
4557
4558
4559
4561
4566
4567
4581
4582
4583
4584
4586
4587
4589
4590
4592
4594
4595
4597
4598
4599
4600
4606
4608
4703
4711
4712
4714
4715
4716
4717
4721
4729
4730
4731
4732
4733
4735
4739
4740
4741
4742
4743
4749
4750
4752
4762
4763
4795
4799
4892
4990
4992
4998
5005
5035
5036
5040
5041
5042
5043
5047
5049
5050
5052
5056
5062
5072
5074
5075
5076
5077
5078
5079
5080
5081
5082
5083
5084
5087
5088
5089
5091
5092
5093
5094
5095
5096
5097
5098
5099
5100
5101
5102
5103
5104
5105
5106
5107
5109
5110
5112
5114
5115
5116
5117
5120
5121
5122
5125
5127
5129
5130
5131
5132
5133
5134
5135
5136
5137
5138
5141
5155
5157
5160
5168
5184
5252
5254
5256
5262
5264
5269
5271
5272
5273
5274
5275
5276
5278
5279
5280
5281
5285
5287
5289
5290
5291
5292
5293
5294
5298
5300
5301
5303
5306
5308
5309
5311
5312
5313
5314
5315
5316
5317
5319
5320
5321
5322
5323
5324
5325
5326
5328
5329
5330
5331
5332
5333
5334
5335
5336
5337
5340
5341
5343
5345
5346
5348
5349
5350
5351
5354
5355
5356
5357
5359
5360
5362
5363
5366
5369
5372
5377
5380
5382
5383
5384
5385
5386
5388
5389
5390
5392
5393
5394
5395
5396
5397
5398
5401
5403
5404
5408
5409
5410
5411
5412
5413
5414
5415
5416
5417
5418
5419
5420
5421
5422
5423
5424
5425
5426
5427
5428
5429
5430
5431
5432
5433
5434
5435
5436
5437
5438
5439
5440
5441
5442
5443
5444
5445
5446
5447
5448
5449
5450
5452
5453
5454
5455
5456
5457
5458
5459
5461
5463
5465
5467
5469
5470
5471
5472
5473
5474
5475
5476
5477
5478
5479
5481
5482
5484
5485
5486
5487
5488
5489
5490
5491
5492
5493
5494
5497
5498
5499
5500
5501
5502
5503
5504
5505
5506
5507
5508
5509
5511
5512
5513
5514
5515
5516
5517
5518
5519
5520
5521
5522
5523
5524
5525
5526
5528
5529
5531
5532
5533
5535
5536
5537
5538
5539
5540
5541
5542
5543
5544
5545
5546
5547
5548
5549
5550
5551
5552
5553
5554
5555
5556
5557
5558
5559
5560
5562
5563
5564
5565
5566
5567
5568
5569
5570
5571
5572
5573
5574
5575
5576
5577
5578
5579
5580
5581
5582
5583
5584
5585
5586
5587
5588
5589
5590
5591
5592
5593
5594
5595
5596
5597
5598
5599
5600
5601
5602
5603
5604
5605
5607
5608
5609
5611
5612
5613
5614
5617
5618
5619
5620
5621
5622
5623
5624
5625
5626
5627
5629
5630
5631
5632
5633
5634
5635
5636
5637
5638
5639
5640
5641
5642
5643
5644
5645
5646
5647
5648
5649
5650
5651
5652
5653
5654
5655
5656
5657
5659
5660
5661
5662
5663
5664
5665
5666
5667
5668
5669
5670
5671
5672
5673
5674
5675
5676
5677
5678
5679
5680
5681
5682
5683
5684
5685
5687
5688
5689
5690
5691
5692
5693
5694
5695
5696
5697
5698
5699
5702
5703
5704
5705
5706
5707
5708
5709
5710
5711
5712
5713
5714
5715
5716
5717
5718
5719
5720
5721
5722
5723
5725
5726
5727
5728
5729
5730
5731
5732
5733
5735
5736
5737
5738
5739
5740
5741
5742
5743
5744
5745
5746
5747
5749
5750
5751
5752
5754
5755
5756
5757
5758
5759
5760
5761
5762
5763
5764
5765
5766
5767
5768
5769
5770
5771
5772
5773
5774
5775
5776
5777
5778
5779
5780
5781
5782
5783
5784
5785
5786
5787
5788
5789
5790
5791
5792
5793
5794
5795
5796
5797
5798
5799
5800
5801
5802
5803
5804
5805
5806
5807
5808
5809
5810
5811
5812
5813
5814
5817
5819
5820
5821
5822
5823
5825
5826
5827
5829
5830
5831
5832
5834
5835
5836
5840
5851
5852
5853
5854
5855
5856
5858
5859
5861
5862
5865
5866
5867
5868
5869
5870
5876
5877
5878
5880
5881
5882
5883
5885
5890
5891
5893
5894
5895
5896
5901
5903
5905
5906
5908
5909
5910
5911
5913
5924
5925
5926
5928
5933
5934
5935
5937
5938
5939
5942
5943
5944
5946
5949
5956
5959
5965
5966
5967
5968
5969
5970
5971
5972
5973
5974
5975
5976
5977
5978
5979
5980
5981
5984
5985
5986
5987
5989
5991
5992
5994
5996
6005
6006
6007
6008
6010
6011
6012
6013
6015
6016
6017
6019
6021
6025
6026
6027
6028
6029
6030
6031
6032
6045
6046
6047
6051
6052
6064
6067
6068
6071
6073
6077
6079
6080
6082
6085
6086
6087
6090
6099
6101
6102
6103
6104
6109
6110
6112
6113
6114
6118
6119
6121
6122
6123
6124
6125
6126
6127
6128
6129
6130
6131
6132
6133
6134
6135
6136
6137
6138
6139
6140
6141
6142
6143
6144
6146
6147
6148
6149
6151
6152
6153
6162
6168
6173
6174
6195
6201
6223
6224
6225
6227
6248
6257
6259
6266
6268
6272
6277
6278
6282
6284
6285
6289
6290
6294
6296
6298
6301
6302
6303
6304
6305
6306
6307
6308
6309
6310
6311
6312
6313
6316
6317
6318
6322
6323
6340
6341
6342
6343
6346
6349
6350
6351
6355
6356
6357
6358
6359
6360
6361
6362
6363
6370
6383
6423
6444
6455
6459
6460
6461
6470
6471
6472
6473
6474
6475
6476
6481
6490
6491
6496
6497
6501
6502
6503
6513
6514
6517
6518
6555
6650
6653
6677
6688
6696
6703
6708
6709
6710
6711
6714
6718
6719
6727
6728
6729
6730
6731
6732
6733
6734
6737
6740
6742
6743
6744
6745
6747
6748
6749
6750
6751
6752
6753
6755
6756
6757
6767
6769
6775
6776
6778
6784
6786
6788
6789
6790
6791
6792
6793
6795
6796
6797
6799
6800
6801
6802
6806
6808
6809
6811
6813
6814
6815
6817
6821
6824
6825
6826
6827
6828
6829
6830
6831
6834
6835
6836
6837
6847
6848
6849
6857
6859
6866
6867
6868
6869
6912
6918
6919
6921
6923
6926
6932
6964
6971
6981
6982
6985
6992
6994
6998
7000
7001
7024
7026
7027
7028
7030
7031
7032
7033
7034
7036
7037
7038
7040
7042
7043
7045
7046
7047
7048
7049
7050
7051
7052
7053
7054
7057
7058
7060
7062
7063
7064
7065
7076
7077
7083
7084
7087
7088
7089
7090
7091
7105
7106
7107
7108
7109
7110
7111
7112
7113
7114
7115
7116
7117
7118
7119
7120
7123
7124
7125
7127
7128
7131
7132
7134
7135
7136
7137
7138
7139
7140
7141
7143
7144
7146
7150
7151
7152
7153
7154
7155
7156
7157
7158
7159
7160
7161
7162
7163
7164
7165
7166
7167
7168
7170
7172
7173
7174
7175
7176
7177
7179
7181
7182
7184
7185
7186
7188
7189
7190
7191
7192
7193
7194
7195
7196
7197
7198
7200
7203
7210
7212
7214
7215
7217
7218
7219
7222
7227
7228
7232
7235
7250
7251
7252
7262
7263
7275
7277
7279
7285
7289
7291
7304
7306
7308
7309
7310
7313
7314
7315
7316
7321
7322
7324
7330
7339
7340
7341
7346
7351
7352
7353
7354
7355
7356
7357
7358
7363
7364
7373
7374
7379
7381
7385
7386
7396
7397
7400
7401
7438
7534
7535
7559
7569
7577
7585
7590
7591
7592
7593
7596
7600
7603
7604
7605
7607
7608
7609
7611
7614
7615
7617
7618
7620
7623
7625
7626
7627
7628
7629
7630
7632
7633
7634
