0	0
1	1
2	0
3	0
4	0
5	1
6	1
8	0
9	0
10	0
11	0
12	0
13	0
14	0
15	0
16	0
18	0
19	0
20	0
21	0
22	0
23	1
25	0
26	0
27	0
28	0
29	0
30	0
31	0
32	0
33	0
34	0
35	0
36	1
37	0
38	1
39	1
40	0
41	1
42	1
43	0
44	1
45	1
46	1
47	1
48	1
49	1
50	1
51	1
52	1
53	1
54	0
55	0
56	0
57	1
58	1
59	1
60	0
61	0
62	0
63	1
64	1
65	1
66	1
67	1
68	1
69	1
70	1
71	1
72	1
73	1
74	1
75	1
76	1
77	1
78	1
79	1
80	1
81	1
82	0
83	0
84	1
85	0
86	1
87	1
88	1
89	1
90	1
91	1
92	1
93	1
94	1
95	1
96	1
97	1
98	1
99	1
100	1
101	1
102	1
103	1
104	1
105	1
106	1
107	1
108	1
109	1
110	1
111	1
112	1
113	1
114	1
115	1
116	1
117	1
118	1
119	1
120	1
121	1
122	1
123	1
124	1
125	1
126	1
127	1
128	1
129	1
130	1
131	1
132	1
133	1
134	1
135	1
136	0
137	1
138	1
139	1
140	0
141	1
142	1
143	1
144	0
145	1
146	1
147	1
148	1
149	1
150	1
151	1
152	0
153	1
154	0
155	1
156	1
157	1
158	0
159	1
160	1
161	1
162	1
163	1
164	1
165	1
166	1
167	1
168	1
169	1
170	1
171	1
172	1
173	1
174	1
175	1
176	1
177	1
178	1
179	1
180	1
181	1
182	1
183	1
184	1
185	1
186	1
187	1
188	1
189	1
190	1
191	1
192	1
193	1
194	0
195	1
196	1
197	1
198	1
199	0
200	1
201	1
202	1
203	1
204	1
205	1
206	1
207	1
208	1
209	1
210	1
211	1
212	1
213	1
214	1
215	0
216	1
217	1
218	1
219	1
220	1
221	1
222	1
223	0
224	1
225	1
226	1
227	1
228	1
229	1
230	1
231	1
232	1
233	1
234	1
235	1
236	1
237	1
238	1
239	1
240	1
241	1
242	1
243	1
244	1
245	1
246	1
247	1
248	1
249	1
250	1
251	1
252	1
253	1
254	1
255	1
256	1
257	1
258	1
259	1
260	1
261	1
262	1
263	1
264	1
265	1
266	1
267	1
268	1
269	1
270	1
271	1
272	1
273	1
274	1
275	1
276	1
277	1
278	1
279	1
280	1
281	1
282	1
283	1
284	1
285	0
286	1
287	1
288	0
289	0
290	1
291	1
292	1
293	1
294	1
295	1
296	1
297	1
298	1
299	1
300	1
301	1
302	1
303	1
304	1
305	1
306	1
307	1
308	1
309	1
310	1
311	1
312	1
313	1
314	1
315	1
316	1
317	1
318	1
319	1
320	1
321	1
322	1
323	1
324	1
325	1
326	0
327	1
328	1
329	1
330	1
331	1
332	1
333	1
334	1
335	1
336	1
337	1
338	1
339	0
340	1
341	1
342	1
343	1
344	1
346	1
347	0
348	0
349	1
350	1
351	1
352	1
353	1
354	1
355	1
356	1
357	1
358	1
359	0
360	0
361	1
362	1
363	1
364	1
365	1
366	1
367	1
368	1
369	1
370	1
371	1
372	1
373	1
374	1
375	1
376	1
377	1
378	1
379	1
380	1
381	1
382	1
383	0
384	0
385	1
386	1
387	1
388	1
389	1
390	1
391	1
392	1
393	0
394	1
395	1
396	0
397	1
398	1
399	0
400	0
401	1
402	1
403	1
404	1
405	1
406	1
407	1
408	1
409	1
410	1
411	0
412	0
413	1
414	1
415	1
416	0
417	1
418	1
419	1
420	1
421	1
422	1
423	1
424	1
425	0
426	1
427	1
428	1
429	1
430	1
431	1
432	0
433	1
434	1
435	1
436	1
437	1
438	1
439	1
440	0
441	1
442	1
443	1
444	0
445	0
446	1
447	1
448	0
449	0
450	0
451	1
452	0
453	1
454	1
455	0
456	0
457	0
458	0
459	0
460	0
461	1
462	0
463	0
464	0
465	1
466	1
467	1
468	1
469	0
470	1
471	1
472	1
473	1
474	1
475	1
476	1
477	1
478	0
479	0
480	0
481	0
482	0
483	0
484	0
485	1
486	0
487	1
488	1
489	1
490	1
491	1
492	1
493	1
494	0
495	0
496	1
497	0
498	0
499	0
500	1
501	1
502	1
503	1
504	1
505	1
506	1
507	1
508	1
509	1
510	1
511	1
512	1
513	1
514	1
515	1
516	1
517	1
518	1
519	1
520	1
521	1
522	1
523	1
524	1
525	1
526	1
527	1
528	1
529	1
530	1
531	1
532	1
533	0
534	0
535	0
536	0
537	0
538	0
539	0
540	0
541	1
542	0
543	0
544	1
546	0
547	0
548	1
549	0
550	0
551	1
552	1
553	0
554	0
555	1
556	0
557	0
558	0
559	0
560	0
561	0
562	0
563	0
564	1
565	0
566	0
568	1
569	0
570	1
571	0
572	0
573	0
574	0
575	0
576	1
577	0
578	0
580	1
581	1
582	0
583	0
584	0
585	0
586	0
587	1
588	1
589	0
590	0
591	1
592	0
593	0
594	0
595	0
596	0
597	0
598	0
599	1
600	0
602	1
603	0
604	1
605	0
606	0
608	0
609	0
610	1
611	1
612	1
614	1
615	1
616	1
617	1
618	1
619	1
620	1
621	1
622	1
623	0
624	1
625	1
626	1
627	1
628	1
629	1
630	1
631	0
632	1
633	1
634	1
635	1
636	1
637	0
638	1
639	1
640	1
641	1
642	0
643	1
644	1
645	1
646	1
647	1
648	1
649	0
650	0
651	1
652	1
653	1
654	1
655	0
656	1
657	1
658	1
659	1
660	0
661	1
662	1
663	1
664	0
665	1
666	0
667	1
668	1
669	1
670	0
671	1
672	0
673	0
674	1
675	1
676	1
677	1
678	1
679	1
680	1
681	1
682	1
683	0
684	1
685	1
686	1
687	0
688	1
689	1
690	1
691	1
692	1
693	1
694	1
695	0
696	1
697	1
698	1
699	1
700	1
701	1
702	1
703	1
704	1
705	1
706	1
707	1
708	1
709	0
710	1
711	1
712	1
713	1
714	1
715	1
716	1
717	1
718	1
719	1
720	1
721	1
722	1
723	1
724	1
725	1
726	1
727	1
728	1
729	1
730	1
731	1
732	1
733	1
734	1
735	1
736	1
737	1
738	1
739	1
740	1
741	1
742	1
743	1
744	1
745	1
746	1
747	1
748	1
749	1
750	1
751	1
752	1
753	1
754	1
755	1
756	1
757	1
758	1
759	1
760	1
761	1
762	1
763	1
764	1
765	1
766	1
767	1
768	1
769	1
770	1
771	1
772	1
773	1
774	1
775	1
776	1
777	1
778	1
779	1
780	1
781	1
782	1
783	1
784	1
785	1
786	1
787	1
788	1
789	1
790	1
791	1
792	1
793	0
794	1
795	1
796	1
797	1
798	1
799	1
800	1
801	1
802	0
803	1
804	1
805	1
806	1
807	1
808	1
809	1
810	1
811	1
812	1
813	1
814	1
815	1
816	0
817	1
818	1
819	1
820	1
821	1
822	1
823	1
824	1
825	1
826	0
827	0
828	1
829	0
830	1
831	1
832	1
833	0
834	1
835	1
836	0
837	0
838	0
839	0
840	0
841	0
842	0
843	0
844	0
845	0
846	0
847	0
848	0
849	0
850	1
851	0
852	0
853	1
854	1
855	1
856	0
857	0
858	0
859	0
860	0
861	0
862	0
863	0
864	1
865	1
866	1
867	0
868	1
869	1
870	1
871	1
872	0
873	0
874	0
875	0
876	0
877	0
878	0
879	1
880	0
881	0
882	1
883	1
884	0
885	1
886	0
887	1
888	0
889	0
890	0
891	0
892	1
893	0
894	0
895	0
896	0
897	0
898	0
899	0
900	0
901	0
902	0
903	0
904	1
905	0
906	0
907	0
908	0
909	0
910	0
911	0
912	0
913	0
914	0
915	0
916	0
917	0
918	0
919	0
920	0
921	0
922	0
923	0
924	0
925	0
926	0
927	0
928	1
929	1
930	1
931	0
932	1
933	0
934	0
935	1
936	1
937	0
938	0
939	0
940	0
941	1
942	0
943	0
944	0
945	0
946	0
947	0
948	0
949	0
950	0
951	0
952	0
953	0
954	0
955	0
956	0
957	0
958	0
959	0
960	0
961	0
962	0
963	0
964	0
965	0
966	0
967	0
968	0
969	0
970	0
971	0
972	0
973	0
974	0
975	0
976	0
978	0
979	0
980	1
981	0
982	0
983	0
984	0
985	0
986	0
987	0
988	0
989	0
990	0
991	0
992	0
993	0
994	0
995	1
996	0
997	0
998	0
999	1
1000	0
1001	0
1002	0
1003	0
1004	0
1005	0
1006	0
1007	0
1008	0
1009	0
1010	0
1011	0
1012	0
1013	0
1014	0
1015	0
1016	0
1017	1
1018	0
1019	0
1020	0
1021	0
1022	0
1023	0
1024	0
1025	0
1026	1
1027	1
1028	1
1029	0
1030	0
1031	0
1032	0
1033	0
1034	0
1035	0
1036	0
1037	0
1038	0
1039	0
1040	0
1041	1
1042	0
1043	0
1044	0
1045	0
1046	1
1047	0
1048	0
1049	1
1050	0
1051	1
1052	0
1053	0
1054	0
1055	1
1056	1
1057	0
1058	0
1059	1
1060	1
1061	0
1062	0
1063	0
1064	0
1065	0
1066	1
1067	1
1068	1
1069	0
1070	0
1071	0
1072	0
1073	0
1074	0
1075	0
1076	0
1077	0
1078	0
1079	0
1080	1
1081	0
1082	0
1083	0
1084	0
1085	1
1086	0
1087	0
1088	1
1089	1
1090	1
1091	0
1092	0
1093	0
1094	0
1095	0
1096	0
1097	1
1098	0
1099	0
1100	0
1101	0
1102	0
1103	0
1104	0
1105	0
1106	1
1107	0
1108	0
1109	0
1110	1
1111	0
1112	0
1113	0
1114	0
1115	0
1116	0
1117	0
1118	1
1119	0
1120	0
1121	1
1122	1
1123	1
1124	1
1125	1
1126	0
1127	0
1128	1
1129	1
1130	0
1131	0
1132	0
1133	0
1134	0
1135	0
1136	0
1137	0
1138	0
1139	0
1140	0
1141	0
1142	0
1143	0
1144	0
1145	0
1146	0
1147	0
1148	0
1149	0
1150	0
1151	0
1152	0
1153	0
1154	0
1155	0
1156	0
1157	0
1158	0
1159	1
1160	0
1161	0
1162	0
1163	0
1164	0
1165	0
1166	0
1167	0
1168	0
1169	0
1170	0
1171	1
1172	0
1173	0
1174	0
1175	0
1176	0
1177	1
1178	0
1179	0
1180	0
1181	0
1182	1
1183	0
1184	0
1185	0
1186	0
1187	0
1188	1
1189	0
1190	0
1191	0
1192	0
1193	1
1194	0
1195	1
1196	0
1197	1
1198	0
1199	0
1200	0
1201	0
1202	0
1203	1
1204	1
1205	1
1206	0
1207	0
1208	0
1209	1
1210	0
1211	0
1212	0
1213	0
1214	0
1215	0
1216	0
1217	1
1218	0
1219	0
1220	0
1221	0
1222	0
1223	1
1224	1
1225	1
1226	1
1227	1
1228	1
1229	1
1230	1
1231	1
1232	1
1233	1
1234	1
1235	1
1236	1
1237	1
1238	1
1239	1
1240	1
1241	1
1242	1
1243	1
1244	1
1245	1
1246	1
1247	1
1248	1
1249	1
1250	1
1251	1
1252	1
1253	1
1254	1
1255	1
1256	1
1257	1
1258	1
1259	1
1260	1
1261	1
1262	1
1263	1
1264	1
1265	1
1266	1
1267	1
1268	1
1269	1
1270	1
1271	1
1272	1
1273	1
1274	1
1275	1
1276	1
1277	1
1278	1
1279	1
1280	1
1281	1
1282	1
1283	1
1284	1
1285	1
1286	1
1287	1
1288	1
1289	1
1290	1
1291	1
1292	1
1293	1
1294	1
1295	1
1296	0
1297	0
1298	1
1299	1
1300	1
1301	1
1302	1
1303	1
1304	1
1305	1
1306	1
1307	1
1308	1
1309	1
1310	1
1311	1
1312	1
1313	1
1314	0
1315	1
1316	1
1317	1
1318	1
1319	1
1320	0
1321	1
1322	1
1323	1
1324	1
1325	1
1326	1
1327	1
1328	1
1329	1
1330	1
1331	1
1332	1
1333	1
1334	1
1335	1
1336	1
1337	1
1338	1
1339	1
1340	1
1341	1
1342	1
1343	1
1344	1
1345	0
1346	1
1347	1
1348	1
1349	1
1350	1
1351	0
1352	1
1353	1
1354	0
1355	0
1356	0
1357	0
1358	0
1359	0
1360	0
1361	0
1362	0
1363	0
1364	1
1365	1
1366	1
1367	1
1368	1
1369	1
1370	0
1371	0
1372	1
1374	1
1375	1
1376	0
1377	0
1378	0
1379	1
1380	1
1381	1
1382	0
1383	1
1384	1
1385	1
1386	0
1387	1
1388	0
1389	0
1390	0
1391	1
1392	0
1393	1
1394	0
1395	0
1396	1
1397	0
1398	0
1399	0
1400	0
1401	0
1402	0
1403	1
1404	1
1405	0
1406	1
1407	1
1408	0
1409	1
1410	1
1411	1
1412	1
1413	1
1414	1
1415	1
1416	1
1417	1
1418	0
1419	0
1420	0
1421	0
1422	0
1423	1
1424	1
1425	0
1426	0
1427	0
1428	0
1429	0
1430	0
1431	0
1432	0
1433	0
1434	1
1435	0
1436	0
1437	0
1438	0
1439	0
1440	1
1441	1
1442	1
1443	1
1444	1
1445	1
1446	1
1447	1
1448	1
1449	0
1450	0
1451	0
1452	0
1453	0
1454	0
1455	1
1456	1
1457	1
1458	1
1459	0
1460	0
1461	0
1462	0
1463	0
1464	0
1465	0
1466	0
1467	0
1468	0
1469	0
1470	0
1471	0
1472	0
1473	0
1474	0
1475	0
1476	0
1477	1
1478	1
1479	0
1480	0
1481	0
1482	0
1483	0
1484	0
1485	0
1486	0
1487	0
1488	0
1489	0
1490	0
1491	0
1492	0
1493	0
1494	0
1495	0
1496	0
1497	0
1498	0
1499	0
1500	0
1501	0
1502	0
1503	0
1504	0
1505	0
1506	0
1507	0
1508	0
1509	0
1510	0
1511	0
1512	0
1513	0
1514	0
1515	0
1516	0
1518	0
1519	0
1520	0
1521	1
1522	1
1523	1
1524	1
1525	1
1526	1
1527	1
1528	1
1529	1
1530	1
1531	1
1532	0
1533	1
1534	1
1535	1
1536	0
1537	1
1538	0
1539	0
1540	0
1541	0
1542	1
1543	1
1544	1
1545	1
1546	0
1547	1
1548	0
1549	0
1550	1
1551	1
1552	0
1553	0
1554	1
1555	0
1556	0
1557	0
1558	0
1559	0
1560	0
1561	0
1562	0
1563	0
1564	1
1565	1
1566	0
1567	0
1568	0
1569	1
1570	1
1571	1
1572	1
1573	1
1574	1
1575	1
1576	1
1577	1
1578	1
1579	1
1580	1
1581	1
1582	1
1583	1
1584	1
1585	0
1586	0
1587	0
1588	0
1589	0
1590	1
1591	0
1592	0
1593	0
1594	0
1595	0
1596	0
1597	0
1598	1
1599	0
1600	0
1601	0
1602	0
1603	0
1604	0
1605	1
1606	0
1607	0
1608	0
1609	0
1610	0
1611	0
1612	0
1613	0
1614	0
1615	0
1616	0
1617	0
1618	0
1619	0
1620	0
1621	0
1622	1
1623	1
1624	0
1625	1
1626	0
1627	0
1628	1
1629	1
1630	0
1631	0
1632	0
1633	0
1634	1
1635	0
1636	0
1637	1
1638	0
1639	1
1640	1
1641	0
1642	1
1643	0
1644	0
1645	0
1646	0
1647	0
1648	0
1649	1
1650	0
1651	0
1652	0
1653	0
1654	0
1655	1
1656	0
1657	0
1658	0
1659	0
1660	1
1661	0
1662	0
1663	1
1664	1
1665	1
1666	0
1667	0
1668	0
1669	0
1670	1
1671	0
1672	0
1673	0
1674	0
1675	0
1676	0
1677	0
1678	0
1679	0
1680	1
1681	1
1682	1
1683	1
1684	0
1685	0
1686	0
1687	0
1688	0
1689	0
1690	1
1691	0
1692	0
1693	0
1694	0
1695	0
1696	0
1697	0
1698	1
1699	1
1700	1
1701	1
1702	1
1703	1
1704	0
1705	1
1706	0
1707	1
1708	1
1709	1
1710	1
1711	1
1712	1
1713	1
1714	1
1715	1
1716	1
1717	1
1718	1
1719	1
1720	1
1721	1
1722	1
1723	1
1724	1
1725	1
1726	1
1727	1
1728	1
1729	1
1730	1
1731	1
1732	1
1733	1
1734	1
1735	1
1736	1
1737	1
1738	1
1739	1
1740	1
1741	1
1742	1
1743	1
1744	1
1745	1
1746	1
1747	1
1748	1
1749	1
1750	1
1751	1
1752	1
1753	1
1754	1
1755	1
1756	1
1757	1
1758	1
1759	1
1760	1
1761	1
1762	1
1763	1
1764	1
1766	1
1767	1
1768	1
1769	1
1770	1
1771	1
1772	1
1773	1
1774	1
1775	1
1776	1
1777	1
1778	1
1779	1
1780	1
1781	1
1782	1
1783	1
1784	1
1785	1
1786	1
1787	1
1788	1
1789	1
1790	1
1791	1
1792	1
1793	1
1794	1
1795	1
1796	1
1797	1
1798	1
1799	1
1800	1
1801	1
1802	1
1803	1
1804	1
1805	0
1806	1
1807	0
1808	0
1809	0
1810	0
1811	1
1812	1
1813	1
1814	1
1815	0
1816	0
1817	0
1818	0
1819	1
1820	0
1821	1
1822	1
1823	1
1824	0
1825	1
1826	0
1827	0
1828	1
1829	0
1830	0
1831	0
1832	0
1833	0
1834	0
1835	0
1836	1
1837	0
1838	0
1839	1
1840	0
1841	1
1842	0
1843	0
1844	0
1845	0
1846	0
1847	0
1848	0
1849	0
1850	0
1851	0
1852	0
1853	0
1854	0
1855	0
1856	0
1857	0
1858	0
1859	0
1860	0
1861	0
1862	0
1863	0
1864	0
1865	0
1867	1
1868	0
1869	1
1870	1
1871	0
1872	0
1873	1
1874	0
1875	1
1876	1
1877	1
1878	0
1879	0
1880	1
1881	0
1882	0
1883	0
1884	0
1885	0
1886	0
1887	0
1888	0
1889	0
1890	0
1891	0
1892	0
1893	0
1894	0
1895	0
1896	0
1897	0
1898	0
1899	0
1900	0
1901	0
1902	0
1903	0
1904	0
1905	0
1906	0
1907	0
1908	0
1909	0
1910	0
1911	0
1912	0
1913	0
1914	0
1915	0
1916	0
1917	0
1918	0
1919	1
1920	0
1921	0
1922	0
1923	0
1924	0
1925	0
1926	0
1927	0
1928	0
1929	0
1930	0
1931	0
1932	0
1933	0
1934	0
1935	0
1936	0
1937	0
1938	0
1939	0
1940	0
1941	0
1942	0
1943	0
1944	0
1945	0
1946	0
1947	0
1948	0
1949	0
1950	0
1951	0
1952	0
1953	0
1954	0
1955	0
1956	0
1957	0
1958	0
1959	0
1960	0
1961	0
1962	0
1963	0
1964	0
1965	0
1966	0
1967	0
1968	0
1969	0
1970	0
1971	0
1972	0
1973	0
1974	0
1975	0
1976	0
1977	0
1978	0
1979	0
1980	0
1981	1
1982	1
1983	0
1984	0
1985	1
1986	0
1987	0
1988	0
1989	0
1990	0
1991	0
1992	0
1993	1
1994	0
1995	0
1996	0
1997	0
1998	0
1999	0
2000	0
2001	1
2002	0
2003	0
2004	1
2005	0
2006	1
2007	0
2008	0
2009	0
2010	0
2011	0
2012	0
2013	0
2014	0
2015	1
2016	0
2017	0
2018	0
2019	0
2020	0
2021	0
2023	0
2025	0
2026	0
2027	0
2028	0
2029	1
2030	0
2031	0
2032	0
2033	0
2034	1
2035	1
2036	0
2037	0
2038	0
2039	0
2040	0
2041	0
2042	0
2043	0
2044	0
2045	0
2046	0
2047	0
2048	0
2049	0
2050	0
2051	0
2052	0
2053	0
2054	1
2055	1
2056	1
2057	0
2058	0
2059	0
2060	0
2061	0
2062	1
2063	0
2064	0
2065	0
2066	0
2067	0
2068	0
2069	0
2070	0
2071	0
2072	0
2073	0
2074	0
2075	0
2076	0
2077	1
2078	0
2079	0
2080	1
2081	0
2082	0
2083	0
2084	0
2085	1
2086	1
2087	0
2088	0
2089	0
2090	0
2091	0
2092	0
2093	1
2094	1
2095	0
2096	0
2097	0
2098	0
2099	0
2100	0
2101	0
2102	1
2103	1
2104	0
2105	0
2106	0
2107	0
2108	0
2109	0
2110	1
2111	0
2112	1
2113	0
2114	0
2115	0
2116	0
2117	0
2118	0
2119	0
2120	0
2121	0
2122	0
2123	1
2124	0
2125	0
2126	0
2127	0
2128	1
2129	0
2130	0
2131	1
2132	0
2133	1
2134	0
2135	1
2136	1
2137	1
2138	1
2139	1
2140	1
2141	1
2142	1
2143	1
2144	1
2145	1
2146	1
2147	1
2148	1
2149	0
2150	1
2151	1
2152	1
2153	1
2154	1
2155	1
2156	1
2157	1
2158	1
2159	1
2160	1
2161	0
2162	1
2163	1
2164	1
2165	1
2166	0
2167	0
2168	0
2169	0
2170	1
2171	1
2172	1
2173	1
2174	1
2175	1
2176	0
2177	1
2178	1
2179	1
2180	1
2181	1
2182	1
2183	1
2184	1
2185	1
2186	1
2187	1
2188	1
2189	1
2190	1
2191	0
2192	1
2193	1
2194	1
2195	1
2196	1
2197	1
2198	1
2199	1
2200	1
2201	1
2202	1
2203	1
2204	1
2205	1
2206	1
2207	1
2208	1
2209	1
2210	1
2211	1
2212	1
2213	1
2214	1
2215	1
2216	1
2219	1
2220	1
2221	1
2222	1
2223	1
2224	1
2225	1
2226	0
2227	1
2228	1
2229	1
2230	1
2231	1
2232	1
2233	1
2234	1
2235	1
2236	1
2237	1
2238	1
2239	1
2240	1
2241	1
2242	1
2243	0
2244	0
2245	0
2246	1
2247	1
2248	1
2249	1
2250	1
2251	1
2252	1
2253	1
2254	0
2255	0
2256	0
2257	0
2258	0
2259	0
2260	0
2261	0
2262	0
2263	0
2264	0
2265	1
2266	1
2267	1
2268	1
2269	1
2270	1
2271	0
2272	0
2273	1
2274	1
2275	1
2276	1
2277	1
2278	1
2279	0
2280	1
2281	0
2282	1
2283	1
2284	1
2285	1
2286	0
2287	0
2288	0
2289	0
2290	0
2291	1
2292	0
2293	0
2294	0
2295	1
2296	0
2297	0
2298	0
2299	0
2300	0
2301	0
2302	0
2303	0
2304	1
2305	1
2306	0
2307	1
2308	0
2309	0
2310	0
2311	0
2312	0
2313	0
2315	0
2316	1
2317	0
2318	0
2319	0
2320	0
2321	0
2322	0
2323	0
2324	1
2325	0
2326	0
2327	0
2328	0
2329	0
2330	0
2331	0
2332	0
2333	1
2334	1
2335	1
2336	1
2337	1
2338	1
2339	0
2340	0
2341	1
2342	1
2343	1
2344	1
2345	0
2346	0
2347	0
2348	0
2349	0
2350	0
2351	0
2352	0
2353	0
2354	0
2355	1
2356	1
2357	1
2358	1
2359	0
2360	0
2361	0
2362	0
2363	0
2364	0
2365	0
2366	0
2367	0
2368	1
2369	1
2370	1
2371	1
2372	1
2373	1
2374	1
2375	1
2376	0
2377	1
2378	1
2379	1
2380	0
2381	0
2382	1
2383	1
2384	1
2385	1
2386	1
2387	0
2388	0
2389	0
2390	0
2391	0
2392	1
2393	1
2394	1
2395	1
2396	0
2397	0
2398	0
2399	0
2400	0
2401	0
2402	0
2403	0
2404	0
2405	0
2406	0
2407	0
2408	0
2409	0
2410	0
2411	0
2412	0
2413	0
2414	0
2415	0
2416	0
2417	0
2418	0
2419	0
2420	0
2421	0
2422	0
2423	0
2424	0
2425	0
2426	0
2427	0
2428	0
2429	0
2430	0
2431	0
2432	0
2433	0
2434	0
2435	1
2436	1
2437	1
2438	1
2439	1
2440	1
2441	1
2442	1
2443	0
2444	1
2445	1
2446	1
2447	0
2448	1
2449	1
2450	1
2451	1
2452	0
2453	1
2454	1
2455	1
2456	0
2457	1
2458	0
2459	1
2460	0
2461	0
2462	1
2463	1
2464	1
2465	1
2466	1
2467	1
2468	0
2469	1
2470	1
2471	1
2472	1
2473	1
2474	0
2475	1
2476	1
2477	1
2478	1
2479	1
2480	0
2481	1
2482	0
2483	0
2484	0
2485	1
2486	1
2487	1
2488	1
2489	1
2490	1
2491	1
2492	1
2493	1
2494	1
2495	1
2496	1
2497	0
2498	1
2499	1
2500	1
2501	1
2502	1
2503	1
2504	1
2505	1
2506	1
2507	1
2508	1
2509	0
2510	1
2511	1
2512	1
2513	1
2514	1
2515	1
2516	1
2517	1
2518	1
2519	1
2520	1
2521	1
2522	1
2523	1
2524	1
2525	1
2526	1
2527	1
2528	1
2529	1
2530	1
2531	1
2532	1
2533	1
2534	1
2535	1
2536	1
2537	1
2538	0
2539	0
2540	0
2541	0
2542	1
2543	0
2544	1
2545	1
2546	1
2547	1
2548	1
2549	1
2550	1
2551	1
2552	1
2553	1
2554	0
2555	0
2556	1
2557	1
2558	0
2559	0
2560	1
2561	1
2562	1
2563	0
2564	0
2565	1
2566	1
2567	1
2568	1
2569	1
2570	1
2571	1
2572	0
2573	1
2574	1
2575	1
2576	1
2577	1
2578	1
2579	1
2580	1
2581	1
2582	1
2583	1
2584	1
2585	1
2586	1
2587	1
2588	1
2589	0
2590	0
2591	0
2592	1
2593	1
2594	1
2595	1
2596	1
2597	1
2598	1
2599	1
2600	1
2601	1
2602	1
2603	1
2604	0
2605	1
2606	0
2607	1
2608	1
2609	1
2610	0
2611	0
2612	1
2613	0
2614	0
2615	0
2616	1
2617	1
2618	1
2619	1
2620	1
2621	0
2622	1
2623	1
2624	0
2625	1
2626	1
2627	1
2628	1
2629	0
2630	0
2631	0
2632	0
2633	0
2634	0
2635	0
2636	0
2637	0
2638	0
2639	0
2640	0
2641	0
2642	0
2643	0
2644	0
2645	0
2646	0
2647	1
2648	0
2649	0
2650	0
2651	0
2652	0
2653	0
2654	0
2655	0
2656	0
2657	1
2659	0
2660	0
2661	0
2662	0
2663	0
2664	0
2665	0
2666	0
2667	0
2668	0
2669	0
2670	0
2671	0
2672	0
2673	0
2674	0
2675	0
2676	0
2677	0
2678	0
2679	0
2680	0
2681	0
2682	0
2683	0
2684	0
2685	0
2686	0
2687	0
2688	0
2689	0
2690	0
2691	0
2692	0
2693	0
2694	0
2695	0
2696	0
2697	0
2698	0
2699	0
2700	0
2701	0
2702	0
2703	0
2704	0
2705	0
2706	0
2707	0
2708	0
2709	0
2710	0
2711	0
2712	0
2713	0
2714	0
2715	0
2716	0
2717	0
2718	0
2719	0
2720	0
2721	0
2722	0
2723	0
2724	0
2725	0
2726	0
2727	0
2728	0
2729	0
2730	0
2731	0
2732	0
2733	0
2734	0
2735	0
2736	0
2737	0
2738	0
2739	0
2740	0
2741	0
2742	0
2743	0
2744	0
2745	0
2746	0
2747	0
2748	0
2749	0
2750	0
2751	0
2752	0
2753	0
2754	0
2755	0
2756	0
2757	0
2758	0
2759	0
2760	0
2761	0
2762	0
2763	0
2764	0
2765	0
2766	0
2767	0
2768	0
2769	0
2770	0
2771	0
2772	0
2773	0
2774	0
2775	0
2776	0
2777	0
2778	0
2779	0
2780	0
2781	0
2782	0
2783	0
2784	0
2785	0
2786	0
2787	0
2788	0
2789	0
2790	0
2791	0
2792	0
2793	0
2794	0
2795	0
2796	0
2797	0
2798	0
2799	0
2800	0
2801	0
2802	0
2803	0
2804	1
2805	0
2806	0
2807	1
2808	0
2809	0
2810	0
2811	1
2812	0
2813	0
2814	0
2815	0
2816	0
2817	0
2818	0
2819	0
2820	1
2821	1
2822	1
2823	1
2824	1
2825	1
2826	1
2827	1
2828	0
2829	1
2830	1
2831	1
2832	1
2833	1
2834	1
2835	1
2836	1
2837	1
2838	1
2839	1
2840	1
2841	1
2842	1
2843	1
2844	1
2845	1
2846	1
2847	1
2848	1
2849	1
2850	1
2851	1
2852	1
2853	0
2854	1
2855	1
2856	1
2857	1
2858	1
2859	1
2860	1
2861	1
2862	1
2863	1
2864	1
2865	1
2866	0
2867	1
2868	1
2869	0
2870	1
2871	1
2872	1
2873	1
2874	1
2875	1
2876	1
2877	1
2878	1
2879	1
2880	1
2881	1
2882	0
2883	1
2884	1
2885	1
2886	0
2887	1
2888	1
2889	1
2890	0
2891	0
2892	0
2893	1
2894	0
2895	0
2896	0
2897	0
2898	1
2899	0
2900	1
2901	1
2902	1
2903	0
2904	1
2905	0
2906	0
2907	0
2908	1
2909	1
2910	0
2911	0
2912	0
2913	1
2914	0
2915	1
2916	1
2917	1
2918	1
2919	0
2920	0
2921	0
2922	0
2923	0
2924	1
2925	1
2926	0
2927	0
2928	0
2929	1
2930	1
2931	1
2932	1
2933	0
2934	0
2935	1
2936	0
2937	0
2938	0
2939	1
2940	0
2941	0
2942	0
2943	1
2944	0
2945	0
2946	0
2947	0
2948	1
2949	0
2950	0
2951	0
2952	0
2953	0
2954	0
2955	0
2956	1
2957	0
2958	0
2959	0
2960	0
2961	0
2962	0
2963	0
2964	0
2965	0
2966	0
2967	0
2968	0
2969	0
2970	0
2971	0
2972	1
2973	0
2974	0
2975	0
2976	0
2977	0
2978	0
2979	0
2980	0
2981	0
2982	0
2983	0
2984	0
2985	0
2986	0
2987	0
2988	0
2989	0
2990	1
2991	1
2992	1
2993	0
2994	0
2995	0
2996	0
2997	0
2998	0
2999	0
3000	0
3001	0
3002	0
3003	0
3004	0
3005	1
3006	0
3007	1
3008	1
3009	1
3010	0
3011	0
3012	0
3013	1
3014	0
3015	1
3016	0
3017	1
3018	1
3019	0
3020	0
3021	1
3022	1
3023	0
3024	0
3025	1
3026	0
3027	1
3028	1
3029	0
3030	1
3032	1
3033	1
3034	1
3035	1
3036	1
3037	1
3038	1
3039	1
3040	0
3041	0
3042	1
3043	1
3044	0
3045	0
3046	0
3047	0
3048	0
3049	0
3050	0
3051	0
3052	0
3053	0
3054	0
3055	1
3056	0
3057	0
3058	0
3059	0
3060	0
3061	0
3062	0
3063	0
3064	0
3065	0
3066	1
3067	1
3068	1
3069	1
3070	1
3071	1
3072	1
3073	1
3075	1
3076	1
3077	1
3078	0
3079	1
3080	0
3081	0
3082	1
3083	0
3084	1
3085	1
3086	1
3087	1
3088	1
3089	1
3090	1
3091	0
3092	1
3093	1
3094	1
3095	1
3096	1
3097	1
3098	1
3100	0
3101	1
3102	1
3103	1
3104	1
3105	1
3106	1
3107	1
3108	1
3109	1
3110	1
3111	1
3112	1
3113	1
3114	1
3115	1
3116	1
3117	1
3118	1
3119	1
3120	1
3121	1
3122	1
3123	1
3124	1
3125	1
3126	1
3127	1
3128	1
3129	1
3130	1
3131	1
3132	1
3133	1
3134	1
3135	1
3136	1
3137	1
3138	1
3139	1
3141	1
3142	1
3143	1
3144	1
3145	0
3146	1
3147	1
3148	1
3149	1
3150	1
3151	1
3152	1
3153	1
3154	1
3155	1
3156	1
3157	1
3158	1
3159	1
3160	1
3161	1
3162	1
3163	1
3164	1
3165	1
3166	1
3167	1
3168	1
3169	1
3170	1
3171	1
3172	1
3173	1
3174	1
3175	1
3176	1
3177	1
3178	1
3179	1
3180	1
3181	0
3182	1
3183	1
3184	1
3185	1
3186	1
3187	0
3188	1
3189	1
3190	1
3191	1
3192	0
3193	1
3194	1
3195	1
3196	1
3197	1
3198	1
3199	1
3200	1
3201	1
3202	1
3203	0
3204	1
3205	1
3206	1
3207	0
3208	1
3209	1
3210	1
3211	1
3212	1
3213	1
3214	1
3215	1
3216	1
3217	1
3218	0
3219	1
3220	1
3221	1
3222	1
3223	1
3224	1
3225	1
3226	1
3227	1
3228	1
3229	1
3230	1
3231	1
3232	1
3233	0
3234	1
3235	1
3236	1
3237	0
3238	1
3239	1
3240	1
3241	1
3242	1
3243	0
3244	1
3245	1
3246	1
3247	1
3248	1
3249	1
3250	1
3251	1
3252	1
3253	1
3254	1
3255	1
3256	1
3257	1
3258	1
3259	1
3260	1
3261	1
3262	1
3263	1
3264	1
3265	1
3266	1
3267	0
3268	0
3269	1
3270	1
3271	1
3272	1
3273	1
3274	1
3275	1
3276	1
3277	1
3278	1
3279	1
3280	1
3281	1
3282	1
3283	1
3284	1
3285	1
3286	1
3287	1
3288	1
3289	1
3290	1
3291	1
3292	1
3293	1
3294	1
3295	1
3296	1
3297	1
3298	1
3299	1
3300	1
3301	1
3302	1
3303	1
3304	1
3305	1
3306	1
3307	1
3308	1
3309	1
3310	1
3311	1
3312	1
3313	1
3314	0
3315	1
3316	1
3317	0
3318	0
3319	0
3320	0
3321	0
3322	0
3323	0
3324	1
3325	1
3326	1
3327	1
3328	1
3329	1
3330	1
3331	1
3332	1
3333	1
3334	1
3335	1
3336	1
3337	1
3338	1
3339	1
3340	1
3341	1
3342	0
3343	1
3344	1
3345	1
3346	1
3347	1
3348	0
3349	0
3350	1
3351	1
3352	1
3353	1
3354	1
3355	1
3356	1
3357	1
3358	1
3359	1
3360	1
3361	1
3362	1
3363	1
3364	1
3365	1
3366	0
3367	0
3368	1
3369	1
3370	1
3371	1
3372	0
3373	1
3374	1
3375	1
3376	1
3377	1
3378	1
3379	1
3380	0
3381	1
3382	1
3383	0
3384	1
3385	1
3386	1
3387	1
3388	1
3389	1
3390	1
3391	1
3392	1
3393	1
3394	1
3395	1
3396	1
3397	1
3398	1
3399	1
3400	1
3401	1
3402	1
3403	1
3404	1
3405	0
3406	1
3407	1
3408	1
3409	1
3410	1
3411	0
3412	0
3413	1
3414	1
3415	1
3416	1
3417	1
3418	1
3419	1
3420	1
3421	1
3422	1
3423	0
3424	0
3425	0
3426	0
3427	0
3428	0
3429	1
3430	0
3431	0
3432	0
3433	0
3434	0
3435	1
3436	0
3437	1
3438	0
3439	0
3440	0
3441	0
3442	0
3443	0
3444	0
3445	0
3446	0
3447	0
3448	0
3449	0
3450	1
3451	1
3452	0
3453	1
3454	1
3455	1
3456	1
3457	0
3458	0
3459	0
3460	0
3461	0
3462	0
3463	1
3464	1
3465	0
3466	0
3467	0
3468	0
3469	0
3470	0
3471	1
3472	0
3474	1
3475	0
3476	1
3477	0
3478	0
3479	1
3480	0
3481	0
3482	1
3483	1
3484	0
3485	0
3486	0
3487	1
3488	0
3489	0
3490	0
3491	0
3492	1
3493	1
3494	1
3495	1
3496	1
3497	1
3498	1
3499	1
3500	0
3501	1
3502	1
3503	1
3504	1
3505	1
3506	1
3507	1
3508	1
3509	1
3510	1
3511	1
3512	1
3513	1
3514	1
3515	1
3516	1
3517	1
3518	1
3519	1
3520	0
3521	1
3522	1
3523	1
3524	1
3525	1
3526	1
3527	1
3528	1
3529	1
3530	1
3531	1
3532	0
3533	0
3534	0
3535	1
3536	0
3537	1
3538	1
3539	1
3540	0
3541	1
3542	0
3543	0
3544	0
3545	1
3546	1
3547	0
3548	1
3549	0
3550	0
3551	0
3552	0
3553	0
3554	0
3555	0
3556	0
3557	0
3558	0
3559	0
3560	0
3561	0
3562	0
3563	0
3564	0
3565	0
3566	0
3567	0
3568	1
3569	0
3570	0
3571	0
3572	0
3573	0
3574	0
3575	0
3576	0
3577	0
3578	0
3579	1
3580	0
3581	0
3582	0
3583	1
3584	0
3585	0
3586	0
3587	0
3588	0
3589	0
3590	0
3591	0
3592	0
3593	0
3594	0
3595	0
3596	1
3597	0
3598	0
3599	0
3600	1
3601	0
3602	0
3603	0
3604	0
3605	0
3606	0
3607	1
3608	0
3609	0
3610	0
3611	0
3612	0
3613	0
3614	0
3615	0
3616	0
3617	0
3618	0
3619	0
3620	1
3621	0
3622	0
3623	0
3624	0
3625	0
3626	0
3627	0
3628	0
3629	0
3630	0
3631	0
3632	0
3633	0
3634	0
3635	0
3636	0
3637	0
3638	0
3639	0
3640	0
3641	0
3642	0
3643	0
3644	0
3645	0
3646	0
3647	0
3648	0
3649	0
3650	0
3651	0
3652	0
3653	0
3654	0
3655	0
3656	0
3657	0
3658	0
3659	0
3660	0
3661	0
3662	0
3663	0
3664	0
3665	0
3666	0
3667	0
3668	0
3669	0
3670	0
3671	0
3672	0
3673	0
3674	0
3675	0
3676	0
3677	0
3678	0
3679	0
3680	0
3681	0
3682	0
3683	0
3684	0
3685	0
3686	0
3687	0
3688	0
3689	0
3690	0
3691	0
3692	0
3693	0
3694	0
3695	0
3696	0
3697	0
3698	0
3699	0
3700	0
3701	0
3702	0
3703	0
3704	0
3705	0
3706	0
3707	0
3708	0
3709	0
3710	0
3711	0
3712	0
3713	0
3714	0
3715	0
3716	0
3717	0
3718	0
3719	0
3720	0
3721	0
3722	0
3723	0
3724	0
3725	0
3726	0
3727	0
3728	0
3729	0
3730	0
3731	0
3732	0
3733	0
3734	0
3735	0
3736	0
3737	0
3738	0
3739	0
3740	0
3741	0
3742	0
3743	0
3744	0
3745	0
3746	0
3747	0
3748	0
3749	0
3750	0
3752	1
3753	0
3754	1
3755	0
3756	0
3757	0
3758	0
3759	0
3760	0
3761	0
3762	0
3763	1
3764	1
3765	0
3766	0
3767	0
3768	1
3769	0
3770	0
3771	0
3772	0
3773	0
3774	0
3775	0
3776	0
3777	0
3778	0
3779	0
3780	0
3781	0
3782	0
3783	0
3784	0
3785	0
3786	0
3787	0
3788	0
3789	0
3790	0
3791	0
3792	0
3793	1
3794	1
3795	1
3796	0
3797	0
3798	0
3799	1
3800	0
3801	0
3802	0
3803	0
3804	0
3805	0
3806	1
3807	0
3808	1
3809	0
3810	0
3811	0
3812	0
3813	1
3814	0
3815	1
3816	1
3817	1
3818	1
3819	1
3820	0
3821	1
3822	1
3823	1
3824	1
3825	1
3826	1
3827	1
3828	1
3829	1
3830	1
3831	1
3832	1
3833	1
3834	1
3835	1
3836	1
3837	1
3838	1
3839	1
3840	1
3841	1
3842	0
3843	1
3844	1
3845	1
3846	1
3847	1
3848	1
3849	0
3850	0
3851	1
3852	0
3853	1
3854	1
3855	0
3856	1
3857	0
3858	1
3859	1
3860	0
3861	0
3862	0
3863	1
3864	0
3865	0
3866	0
3867	0
3868	0
3869	0
3870	0
3871	0
3872	0
3873	1
3874	1
3875	0
3876	0
3877	0
3878	0
3879	0
3880	0
3881	0
3882	0
3883	1
3884	0
3885	0
3886	1
3887	0
3888	0
3889	1
3890	0
3891	0
3892	0
3893	0
3894	0
3895	0
3896	0
3897	0
3898	0
3899	1
3900	1
3901	1
3902	0
3903	0
3904	0
3905	0
3906	0
3907	1
3908	0
3909	0
3910	0
3911	0
3912	0
3913	1
3914	0
3915	1
3916	0
3917	0
3918	0
3919	0
3920	1
3921	1
3922	1
3923	1
3924	1
3925	1
3926	1
3927	1
3928	1
3929	1
3930	1
3931	1
3932	1
3933	1
3934	1
3935	1
3936	1
3937	0
3938	1
3939	1
3940	1
3941	1
3942	1
3943	1
3944	1
3945	1
3946	1
3947	1
3948	1
3949	1
3950	1
3951	1
3952	1
3953	1
3954	1
3955	1
3956	1
3957	0
3958	1
3959	1
3960	1
3961	1
3962	1
3963	1
3964	1
3965	1
3966	1
3967	1
3968	1
3969	1
3970	1
3971	1
3972	1
3973	1
3974	1
3975	1
3976	1
3977	1
3978	1
3979	1
3980	1
3981	1
3982	0
3983	1
3984	1
3985	1
3986	1
3987	1
3988	0
3989	1
3990	1
3991	0
3992	1
3993	1
3994	0
3995	1
3996	1
3997	1
3998	1
3999	1
4000	1
4001	1
4002	1
4003	1
4004	0
4005	1
4006	1
4007	1
4008	1
4009	1
4010	0
4011	0
4012	1
4013	1
4014	1
4015	1
4016	0
4017	0
4018	0
4019	0
4020	0
4021	0
4022	0
4023	1
4024	1
4025	1
4026	0
4027	0
4028	0
4029	0
4030	1
4031	1
4032	1
4033	0
4034	0
4035	0
4036	1
4037	0
4038	1
4039	0
4040	0
4041	1
4042	0
4043	0
4044	0
4045	1
4046	1
4047	1
4048	0
4049	0
4050	0
4051	1
4052	0
4053	1
4054	1
4055	0
4056	0
4057	0
4058	1
4059	1
4060	1
4061	1
4062	1
4063	1
4064	1
4065	0
4066	0
4067	1
4068	1
4069	0
4070	0
4071	0
4072	0
4073	0
4074	1
4075	0
4076	0
4077	0
4078	0
4079	0
4080	1
4081	1
4082	1
4083	1
4084	1
4085	1
4086	1
4087	1
4088	0
4089	0
4090	0
4091	0
4092	0
4093	1
4094	0
4095	0
4096	1
4097	1
4098	1
4099	1
4100	0
4101	0
4102	0
4103	0
4104	0
4105	0
4106	0
4107	0
4108	0
4109	1
4110	1
4111	1
4112	1
4113	0
4115	0
4116	0
4117	0
4118	0
4119	0
4120	0
4121	1
4122	0
4123	1
4124	0
4125	1
4126	0
4127	1
4128	1
4129	0
4131	1
4132	1
4133	0
4134	0
4135	0
4136	0
4137	0
4138	0
4139	0
4140	0
4141	0
4142	0
4143	0
4144	0
4145	0
4146	0
4147	0
4148	0
4149	0
4150	0
4151	0
4152	0
4153	0
4154	0
4155	1
4156	1
4157	1
4158	1
4159	0
4160	1
4161	1
4162	1
4163	1
4164	1
4165	1
4166	1
4167	1
4168	1
4169	0
4170	1
4171	0
4172	0
4173	0
4174	0
4175	0
4176	0
4177	0
4178	0
4179	0
4180	0
4181	0
4182	0
4183	0
4184	0
4185	0
4186	0
4187	0
4188	1
4189	0
4190	0
4191	0
4192	0
4193	0
4194	1
4195	0
4196	0
4197	1
4198	0
4199	1
4200	1
4201	1
4202	0
4203	0
4204	0
4205	0
4206	0
4207	0
4208	0
4209	0
4210	0
4211	0
4212	0
4213	0
4214	0
4215	0
4216	0
4217	0
4218	0
4219	1
4220	0
4221	0
4222	0
4223	0
4224	0
4225	1
4226	0
4227	0
4228	1
4229	0
4230	0
4231	0
4232	0
4233	0
4234	0
4235	0
4236	0
4237	0
4238	0
4239	0
4240	0
4241	0
4242	0
4243	0
4244	1
4245	0
4246	0
4247	0
4248	0
4249	0
4250	0
4251	0
4252	0
4253	0
4254	0
4255	0
4256	0
4257	0
4258	0
4259	0
4260	0
4261	0
4262	0
4263	0
4264	0
4265	0
4266	1
4267	1
4268	0
4269	1
4270	0
4271	0
4272	0
4273	0
4274	1
4275	0
4276	0
4277	0
4278	0
4279	1
4280	0
4281	0
4282	0
4283	0
4284	0
4285	0
4286	0
4287	0
4288	0
4289	0
4290	1
4291	0
4292	1
4293	0
4294	0
4295	0
4296	0
4297	0
4298	0
4299	0
4300	0
4301	0
4302	0
4303	0
4304	0
4305	0
4306	0
4307	0
4308	0
4309	0
4310	0
4311	0
4312	0
4313	0
4314	0
4315	1
4316	0
4317	0
4318	1
4319	0
4320	1
4321	0
4322	0
4323	0
4324	1
4325	0
4326	0
4327	0
4328	0
4329	0
4330	0
4331	0
4332	0
4333	0
4334	0
4335	1
4336	0
4337	0
4338	0
4339	1
4340	1
4341	0
4342	0
4343	0
4344	0
4345	0
4346	0
4347	1
4348	0
4349	0
4350	1
4351	0
4352	0
4353	0
4354	0
4355	0
4356	0
4357	0
4358	0
4359	0
4360	1
4361	0
4362	0
4363	0
4364	0
4365	1
4366	1
4367	0
4368	0
4369	1
4370	1
4371	1
4372	1
4373	1
4374	1
4375	0
4376	0
4377	0
4378	0
4379	0
4380	0
4381	1
4382	1
4383	1
4384	1
4385	1
4386	1
4387	1
4388	1
4389	0
4390	0
4391	1
4392	1
4393	1
4394	1
4395	1
4396	1
4397	0
4398	1
4399	0
4400	0
4401	0
4402	1
4403	0
4404	1
4405	0
4406	1
4407	1
4408	0
4409	0
4410	0
4411	0
4412	0
4413	0
4414	1
4415	0
4416	0
4417	0
4418	0
4419	0
4420	0
4421	0
4422	1
4423	0
4424	0
4425	0
4426	0
4427	0
4428	0
4429	0
4430	0
4431	1
4432	1
4433	0
4434	1
4435	0
4436	0
4437	0
4438	0
4439	1
4440	1
4441	1
4442	1
4443	0
4444	1
4445	1
4446	0
4447	1
4448	1
4449	1
4450	0
4451	1
4452	1
4453	1
4454	1
4455	1
4456	0
4457	1
4458	1
4459	0
4460	0
4461	0
4462	0
4463	0
4464	0
4465	0
4466	0
4467	1
4468	0
4469	0
4470	1
4471	1
4472	1
4473	0
4474	0
4475	0
4476	1
4477	0
4478	1
4479	0
4480	0
4481	1
4482	0
4483	0
4484	0
4485	0
4486	0
4487	1
4488	0
4489	0
4490	1
4491	0
4492	1
4493	1
4494	1
4495	1
4496	1
4497	0
4498	1
4499	0
4500	0
4501	0
4502	1
4503	1
4504	1
4505	0
4506	1
4507	0
4508	1
4509	1
4510	1
4511	1
4512	1
4513	1
4515	1
4516	0
4517	1
4518	0
4519	1
4520	1
4521	0
4522	0
4523	0
4524	0
4525	1
4526	0
4527	1
4528	1
4529	1
4530	1
4531	1
4532	0
4533	1
4534	1
4535	0
4536	0
4537	0
4538	0
4539	1
4540	0
4541	0
4542	0
4543	0
4544	0
4545	0
4546	0
4547	0
4548	0
4549	0
4550	0
4551	0
4552	0
4553	1
4554	0
4555	0
4556	0
4557	0
4558	0
4559	0
4560	0
4561	0
4562	0
4563	0
4564	0
4565	0
4566	0
4567	0
4568	1
4569	0
4570	0
4571	1
4572	1
4573	1
4574	1
4575	1
4576	0
4577	0
4578	0
4579	0
4580	0
4581	0
4582	0
4583	1
4584	0
4585	0
4586	0
4587	0
4588	1
4589	0
4590	0
4591	0
4592	0
4593	0
4594	0
4595	0
4596	1
4597	0
4598	0
4599	0
4600	0
4601	0
4602	0
4603	0
4604	1
4605	1
4606	1
4607	1
4608	1
4609	1
4610	1
4611	1
4612	1
4613	1
4614	1
4615	1
4616	1
4617	1
4618	1
4619	1
4620	1
4621	1
4622	1
4623	1
4624	1
4625	1
4626	1
4627	0
4628	1
4629	1
4630	1
4631	0
4632	0
4633	1
4634	1
4635	1
4636	0
4637	1
4638	1
4639	0
4640	0
4641	0
4642	1
4643	0
4644	0
4645	1
4646	1
4647	0
4648	0
4649	0
4650	0
4651	0
4652	1
4653	0
4654	0
4655	0
4656	1
4657	1
4658	0
4659	0
4660	0
4661	0
4662	0
4663	0
4664	0
4665	1
4666	0
4667	0
4668	0
4669	1
4670	1
4671	0
4672	0
4673	1
4674	0
4675	0
4676	0
4677	1
4678	0
4679	1
4680	1
4681	0
4682	1
4683	0
4684	0
4685	0
4686	0
4687	0
4688	0
4689	0
4690	0
4691	1
4692	1
4693	1
4694	0
4695	0
4696	1
4697	1
4698	0
4699	0
4700	0
4701	1
4702	1
4703	0
4704	1
4705	1
4706	0
4707	1
4708	0
4709	0
4710	0
4711	0
4712	0
4713	0
4714	0
4715	0
4716	0
4717	0
4718	1
4719	1
4721	0
4722	0
4723	0
4724	0
4725	0
4726	1
4727	0
4728	0
4729	1
4730	0
4731	0
4732	0
4733	0
4734	0
4735	1
4736	1
4737	1
4738	0
4739	0
4740	0
4741	1
4742	1
4743	0
4744	1
4745	1
4746	0
4747	1
4748	1
4749	1
4750	0
4751	0
4752	0
4753	1
4754	0
4755	0
4756	1
4757	0
4758	1
4759	1
4760	1
4761	0
4762	1
4763	0
4764	1
4765	0
4767	1
4768	1
4769	0
4770	0
4771	0
4772	0
4773	0
4774	0
4775	1
4776	0
4777	0
4778	1
4779	0
4780	1
4781	1
4782	1
4783	1
4784	0
4785	0
4786	0
4787	0
4788	0
4789	1
4790	1
4791	0
4792	0
4793	0
4794	0
4795	0
4796	0
4797	0
4798	0
4799	0
4800	1
4801	0
4802	0
4803	0
4804	0
4805	0
4806	0
4807	0
4808	0
4809	0
4810	0
4811	1
4812	0
4813	0
4814	0
4815	0
4816	0
4817	0
4818	0
4819	0
4820	0
4821	0
4822	0
4823	0
4824	0
4825	1
4826	1
4827	0
4828	0
4829	0
4830	0
4831	0
4832	0
4833	0
4834	0
4835	0
4836	1
4837	1
4838	1
4839	1
4840	1
4841	1
4842	1
4843	1
4844	1
4845	0
4846	1
4847	1
4848	1
4849	1
4850	1
4851	1
4852	1
4853	1
4854	1
4855	1
4856	1
4857	1
4858	1
4859	1
4860	0
4861	0
4862	1
4863	1
4864	1
4865	1
4866	1
4867	1
4868	1
4869	1
4870	1
4871	1
4872	1
4873	1
4874	1
4875	1
4876	1
4877	1
4878	1
4879	1
4880	1
4881	1
4882	0
4883	1
4884	1
4885	1
4886	0
4887	0
4888	1
4889	0
4890	1
4891	0
4892	1
4893	1
4894	1
4895	1
4896	0
4897	1
4898	1
4899	1
4900	1
4901	1
4902	1
4903	0
4904	0
4905	0
4906	1
4907	1
4908	1
4909	0
4910	1
4911	1
4912	0
4913	1
4914	0
4915	1
4916	1
4917	0
4918	0
4919	1
4920	1
4921	1
4922	1
4923	1
4924	1
4925	1
4926	1
4927	1
4928	1
4929	1
4930	1
4931	1
4932	1
4933	1
4934	1
4935	0
4936	1
4937	1
4938	1
4939	0
4940	0
4941	0
4942	1
4943	1
4944	1
4945	1
4946	1
4947	1
4948	1
4949	1
4950	1
4951	0
4952	1
4953	1
4954	1
4955	1
4956	0
4957	1
4958	0
4959	1
4960	0
4961	0
4962	1
4963	1
4964	1
4965	1
4966	1
4967	1
4968	1
4969	0
4970	1
4971	1
4972	1
4973	1
4974	1
4975	1
4976	1
4977	0
4978	0
4979	0
4980	1
4981	1
4982	0
4983	0
4984	1
4985	1
4986	1
4987	1
4988	1
4989	1
4990	1
4991	0
4992	0
4993	1
4994	1
4995	1
4996	1
4997	1
4998	1
4999	1
5000	1
5001	1
5002	1
5003	0
5004	0
5005	0
5006	0
5007	0
5008	0
5009	0
5010	0
5011	0
5012	0
5013	0
5014	1
5015	1
5016	1
5017	0
5018	0
5019	0
5020	0
5021	0
5022	0
5023	0
5024	0
5025	0
5026	1
5027	1
5028	0
5029	1
5030	1
5031	0
5032	1
5033	0
5034	1
5035	1
5036	1
5037	0
5038	0
5039	0
5040	0
5041	0
5042	0
5043	0
5044	0
5045	0
5046	0
5047	0
5048	0
5049	1
5050	0
5051	0
5052	0
5053	0
5054	1
5055	0
5056	1
5057	1
5058	1
5059	0
5060	0
5061	0
5062	0
5063	1
5064	1
5065	0
5066	0
5067	0
5068	1
5069	0
5070	0
5071	0
5072	0
5073	0
5074	0
5075	0
5076	0
5077	0
5078	0
5079	0
5080	0
5081	0
5082	0
5083	0
5084	0
5085	0
5086	0
5087	0
5088	0
5089	0
5090	0
5091	0
5092	0
5093	0
5094	0
5095	0
5096	0
5097	0
5098	0
5099	0
5100	0
5101	0
5102	1
5103	0
5104	0
5105	0
5106	0
5107	0
5108	0
5109	0
5110	0
5111	0
5112	0
5113	0
5114	0
5115	0
5116	0
5117	0
5118	0
5119	0
5120	0
5121	0
5122	0
5123	1
5124	1
5125	0
5126	0
5127	0
5128	0
5129	0
5130	1
5131	1
5132	1
5133	0
5134	0
5135	0
5136	0
5137	1
5138	0
5139	1
5140	0
5141	0
5142	0
5143	0
5144	1
5145	0
5146	0
5147	0
5148	0
5149	0
5150	0
5151	0
5152	0
5153	0
5154	0
5155	0
5156	0
5157	1
5158	1
5159	1
5160	0
5161	0
5162	0
5163	0
5164	0
5165	1
5166	0
5167	1
5168	0
5169	0
5170	0
5171	0
5172	0
5173	0
5174	0
5175	0
5176	0
5177	0
5178	0
5179	0
5180	0
5181	0
5182	0
5183	0
5184	0
5185	0
5186	0
5187	0
5188	0
5189	0
5190	0
5191	0
5192	0
5193	0
5194	0
5195	0
5196	0
5197	0
5198	0
5199	0
5200	0
5201	0
5202	1
5203	0
5204	1
5205	1
5206	0
5207	1
5208	1
5209	1
5210	0
5211	1
5212	1
5213	1
5214	1
5215	1
5216	1
5217	1
5218	1
5219	1
5220	1
5221	0
5222	0
5223	0
5224	1
5225	1
5226	1
5227	0
5228	0
5229	0
5230	1
5232	0
5233	0
5234	1
5235	0
5236	0
5237	0
5238	0
5239	0
5240	0
5241	0
5242	0
5243	0
5244	0
5245	0
5246	0
5247	0
5248	0
5249	0
5250	0
5251	0
5252	0
5253	1
5254	1
5255	1
5256	0
5257	0
5258	0
5259	0
5260	0
5261	0
5262	0
5263	0
5264	0
5265	0
5266	0
5267	0
5268	0
5269	0
5270	0
5271	0
5272	0
5273	0
5274	0
5275	0
5276	0
5277	0
5278	0
5279	0
5280	0
5281	0
5282	0
5283	0
5284	0
5285	0
5286	0
5287	0
5288	0
5289	0
5290	0
5291	0
5292	0
5293	0
5294	0
5295	0
5296	0
5297	0
5298	0
5299	0
5300	0
5301	0
5302	0
5303	0
5304	0
5305	0
5306	0
5307	0
5308	0
5309	0
5310	0
5311	0
5312	1
5313	0
5314	0
5315	0
5316	0
5317	1
5318	0
5319	1
5320	0
5321	0
5322	0
5323	0
5324	0
5325	0
5326	0
5327	0
5328	0
5329	0
5330	0
5331	0
5332	0
5333	1
5334	0
5335	0
5336	0
5337	1
5338	0
5339	0
5340	0
5341	0
5342	1
5343	0
5344	1
5345	1
5346	0
5347	1
5348	1
5349	0
5350	0
5351	0
5352	0
5353	0
5354	0
5355	0
5356	0
5357	0
5358	0
5359	0
5360	0
5361	0
5362	0
5363	0
5364	0
5365	0
5366	0
5367	0
5368	0
5369	0
5370	0
5371	0
5372	0
5373	0
5374	0
5375	1
5376	1
5377	0
5378	1
5379	1
5380	0
5381	0
5382	0
5383	0
5384	0
5385	0
5386	0
5387	0
5388	0
5389	0
5390	0
5391	0
5392	0
5393	0
5394	0
5395	0
5396	0
5398	1
5399	0
5400	1
5401	0
5402	0
5403	0
5404	0
5405	0
5406	0
5407	0
5408	0
5409	1
5410	1
5411	0
5412	0
5413	0
5414	1
5415	0
5416	0
5417	0
5418	0
5419	0
5420	0
5421	0
5422	0
5423	0
5424	0
5425	0
5426	0
5427	0
5428	0
5429	0
5430	0
5431	0
5432	0
5433	0
5434	0
5435	0
5436	0
5437	0
5438	0
5439	1
5440	1
5441	1
5442	0
5443	0
5444	0
5445	1
5446	0
5447	0
5448	0
5449	0
5450	0
5451	0
5452	0
5453	0
5454	0
5455	1
5456	0
5457	0
5458	1
5459	0
5460	1
5461	1
5462	1
5463	1
5464	0
5465	0
5466	0
5467	0
5468	0
5469	1
5470	1
5471	0
5472	0
5473	0
5474	0
5475	0
5476	0
5477	0
5478	0
5479	0
5480	1
5481	0
5482	0
5483	0
5484	0
5485	0
5486	0
5487	0
5488	0
5489	0
5490	0
5491	1
5492	1
5493	0
5494	0
5495	0
5496	0
5497	0
5498	0
5499	0
5500	0
5501	0
5502	0
5503	0
5504	0
5505	0
5506	0
5507	0
5508	0
5509	1
5510	1
5511	0
5512	0
5513	0
5514	1
5515	0
5516	0
5517	0
5518	0
5519	0
5520	0
5521	0
5522	0
5523	0
5524	0
5525	1
5526	1
5527	0
5528	1
5529	0
5530	0
5531	0
5532	0
5533	1
5534	1
5535	0
5536	0
5537	0
5538	0
5539	0
5540	0
5541	1
5542	0
5543	0
5544	0
5545	0
5546	0
5547	0
5548	0
5549	0
5550	0
5551	0
5552	1
5553	1
5555	1
5556	1
5557	1
5558	1
5559	0
5560	0
5561	1
5562	0
5563	0
5564	1
5565	1
5566	1
5567	1
5568	1
5569	1
5570	1
5571	1
5572	1
5573	1
5574	1
5575	1
5576	1
5577	1
5578	1
5579	1
5580	1
5581	1
5582	1
5583	1
5584	1
5585	1
5586	1
5587	1
5588	1
5589	1
5590	1
5591	1
5592	1
5593	1
5594	1
5595	1
5596	1
5597	0
5598	0
5599	0
5600	0
5601	0
5602	0
5603	0
5604	0
5605	1
5606	0
5607	0
5608	1
5610	0
5611	0
5612	1
5613	0
5614	0
5615	1
5616	1
5617	0
5618	0
5619	1
5620	0
5621	0
5622	0
5623	0
5624	0
5625	0
5626	0
5627	0
5628	1
5629	0
5630	0
5632	1
5633	0
5634	1
5635	1
5636	0
5637	0
5638	0
5639	0
5640	1
5641	0
5642	0
5643	0
5644	1
5646	1
5647	0
5648	0
5649	0
5650	0
5651	1
5652	1
5653	0
5654	0
5655	1
5656	0
5657	0
5658	0
5659	0
5660	0
5661	0
5662	1
5663	0
5664	1
5665	0
5666	0
5667	0
5668	1
5669	0
5670	1
5671	0
5672	0
5674	1
5675	1
5676	1
5677	1
5678	1
5679	1
5680	1
5681	0
5682	0
5683	0
5684	0
5685	0
5686	1
5687	0
5688	0
5689	0
5690	1
5691	1
5692	1
5693	1
5694	1
5695	1
5696	1
5697	1
5698	1
5699	0
5700	0
5701	0
5702	0
5703	0
5704	1
5705	0
5706	0
5707	1
5708	1
5709	1
5710	1
5711	0
5712	0
5713	0
5714	0
5715	0
5716	0
5717	0
